HINTCAD5.8_SUP_SHUJU
-3.00 -2.00 -2.00 -1.000 -2.00 -2.00 -3.00
-3.00 -2.00 -2.00 222.616 -2.00 -2.00 -3.00
9999.00 9999.00 9999.00 272.616 -2.00 -2.00 9999.00
9999.00 9999.00 9999.00 285.116 9999.00 9999.00 -3.00
9999.00 5.00 9999.00 310.116 9999.00 -5.00 -5.00
-3.00 5.00 6.00 322.616 -6.00 -5.00 -5.00
-3.00 5.00 6.00 507.288 -6.00 -5.00 -5.00
9999.00 5.00 9999.00 519.788 9999.00 -5.00 -5.00
9999.00 9999.00 9999.00 544.788 9999.00 9999.00 -3.00
9999.00 9999.00 9999.00 557.288 -2.00 -2.00 9999.00
-3.00 -2.00 -2.00 607.288 -2.00 -2.00 -3.00
-3.00 -2.00 -2.00 1101.874 -2.00 -2.00 -3.00
9999.00 -2.00 -2.00 1150.445 9999.00 9999.00 9999.00
-3.00 9999.00 9999.00 1162.588 9999.00 9999.00 9999.00
-5.00 -5.00 -5.00 1186.874 5.00 5.00 -3.00
-5.00 -5.00 -5.00 1433.388 5.00 5.00 -3.00
-3.00 9999.00 9999.00 1457.674 9999.00 9999.00 9999.00
9999.00 -2.00 -2.00 1469.817 9999.00 9999.00 9999.00
-3.00 -2.00 -2.00 1518.388 -2.00 -2.00 -3.00
-3.00 -2.00 -2.00 1748.388 -2.00 -2.00 -3.00
9999.00 9999.00 9999.00 1796.959 -2.00 -2.00 9999.00
9999.00 9999.00 9999.00 1809.102 9999.00 9999.00 -3.00
-3.00 5.00 5.00 1833.388 -5.00 -5.00 -5.00
-3.00 5.00 5.00 2118.770 -5.00 -5.00 -5.00
9999.00 9999.00 9999.00 2143.056 9999.00 9999.00 -3.00
9999.00 9999.00 9999.00 2155.199 -2.00 -2.00 9999.00
-3.00 -2.00 -2.00 2203.770 -2.00 -2.00 -3.00
-3.00 -2.00 -2.00 4777.323 -2.00 -2.00 -3.00
9999.00 9999.00 9999.00 4827.323 -2.00 -2.00 9999.00
9999.00 9999.00 9999.00 4839.823 9999.00 9999.00 -3.00
-3.00 4.00 4.00 4852.323 -4.00 -4.00 -4.00
-3.00 4.00 4.00 5046.867 -4.00 -4.00 -4.00
9999.00 9999.00 9999.00 5059.367 9999.00 9999.00 -3.00
9999.00 9999.00 9999.00 5071.867 -2.00 -2.00 9999.00
-3.00 -2.00 -2.00 5121.867 -2.00 -2.00 -3.00
-3.00 -2.00 -2.00 5584.449 -2.00 -2.00 -3.00
9999.00 9999.00 9999.00 5634.449 -2.00 -2.00 9999.00
9999.00 9999.00 9999.00 5646.949 9999.00 9999.00 -3.00
-3.00 4.00 4.00 5659.449 -4.00 -4.00 -4.00
-3.00 4.00 4.00 5941.157 -4.00 -4.00 -4.00
9999.00 9999.00 9999.00 5953.657 9999.00 9999.00 -3.00
9999.00 9999.00 9999.00 5966.157 -2.00 -2.00 9999.00
-3.00 -2.00 -2.00 6016.157 -2.00 -2.00 -3.00
-3.00 -2.00 -2.00 6365.895 -2.00 -2.00 -3.00
