HINTCAD5.8_SUP_SHUJU
-3.00 -2.00 -2.00 -1.000 -2.00 -2.00 -3.00
-3.00 -2.00 -2.00 222.616 -2.00 -2.00 -3.00
9999.00 9999.00 9999.00 272.616 -2.00 -2.00 9999.00
9999.00 9999.00 9999.00 285.116 9999.00 9999.00 -3.00
9999.00 5.00 9999.00 310.116 9999.00 -5.00 -5.00
-3.00 5.00 6.00 322.616 -6.00 -5.00 -5.00
-3.00 5.00 6.00 507.288 -6.00 -5.00 -5.00
9999.00 5.00 9999.00 519.788 9999.00 -5.00 -5.00
9999.00 9999.00 9999.00 544.788 9999.00 9999.00 -3.00
9999.00 9999.00 9999.00 557.288 -2.00 -2.00 9999.00
-3.00 -2.00 -2.00 607.288 -2.00 -2.00 -3.00
-3.00 -2.00 -2.00 1081.874 -2.00 -2.00 -3.00
9999.00 -2.00 -2.00 1141.874 9999.00 9999.00 9999.00
-3.00 9999.00 9999.00 1156.874 9999.00 9999.00 9999.00
-5.00 -5.00 -5.00 1186.874 5.00 5.00 -3.00
-5.00 -5.00 -5.00 1433.388 5.00 5.00 -3.00
-3.00 9999.00 9999.00 1463.388 9999.00 9999.00 9999.00
9999.00 -2.00 -2.00 1478.388 9999.00 9999.00 9999.00
-3.00 -2.00 -2.00 1538.388 -2.00 -2.00 -3.00
-3.00 -2.00 -2.00 1728.388 -2.00 -2.00 -3.00
9999.00 9999.00 9999.00 1788.388 -2.00 -2.00 9999.00
9999.00 9999.00 9999.00 1803.388 9999.00 9999.00 -3.00
-3.00 5.00 5.00 1833.388 -5.00 -5.00 -5.00
-3.00 5.00 5.00 2118.770 -5.00 -5.00 -5.00
9999.00 9999.00 9999.00 2148.770 9999.00 9999.00 -3.00
9999.00 9999.00 9999.00 2163.770 -2.00 -2.00 9999.00
-3.00 -2.00 -2.00 2223.770 -2.00 -2.00 -3.00
-3.00 -2.00 -2.00 4762.323 -2.00 -2.00 -3.00
9999.00 9999.00 9999.00 4822.323 -2.00 -2.00 9999.00
9999.00 9999.00 9999.00 4837.323 9999.00 9999.00 -3.00
-3.00 4.00 4.00 4852.323 -4.00 -4.00 -4.00
-3.00 4.00 4.00 5046.867 -4.00 -4.00 -4.00
9999.00 9999.00 9999.00 5061.867 9999.00 9999.00 -3.00
9999.00 9999.00 9999.00 5076.867 -2.00 -2.00 9999.00
-3.00 -2.00 -2.00 5136.867 -2.00 -2.00 -3.00
-3.00 -2.00 -2.00 5569.449 -2.00 -2.00 -3.00
9999.00 9999.00 9999.00 5629.449 -2.00 -2.00 9999.00
9999.00 9999.00 9999.00 5644.449 9999.00 9999.00 -3.00
-3.00 4.00 4.00 5659.449 -4.00 -4.00 -4.00
-3.00 4.00 4.00 5941.157 -4.00 -4.00 -4.00
9999.00 9999.00 9999.00 5956.157 9999.00 9999.00 -3.00
9999.00 9999.00 9999.00 5971.157 -2.00 -2.00 9999.00
-3.00 -2.00 -2.00 6031.157 -2.00 -2.00 -3.00
-3.00 -2.00 -2.00 6365.895 -2.00 -2.00 -3.00
