HINTCAD5.8_SUP_SHUJU
-3.00 -2.00 -2.00 -1.000 -2.00 -2.00 -3.00
-3.00 -2.00 -2.00 222.616 -2.00 -2.00 -3.00
9999.00 9999.00 9999.00 272.616 -2.00 -2.00 9999.00
9999.00 9999.00 9999.00 285.116 9999.00 9999.00 -3.00
9999.00 5.00 9999.00 310.116 9999.00 -5.00 -5.00
-3.00 5.00 6.00 322.616 -6.00 -5.00 -5.00
-3.00 5.00 6.00 507.288 -6.00 -5.00 -5.00
9999.00 5.00 9999.00 519.788 9999.00 -5.00 -5.00
9999.00 9999.00 9999.00 544.788 9999.00 9999.00 -3.00
9999.00 9999.00 9999.00 557.288 -2.00 -2.00 9999.00
-3.00 -2.00 -2.00 607.288 -2.00 -2.00 -3.00
-3.00 -2.00 -2.00 986.874 -2.00 -2.00 -3.00
9999.00 -2.00 -2.00 1035.445 9999.00 9999.00 9999.00
-3.00 9999.00 9999.00 1047.588 9999.00 9999.00 9999.00
-5.00 -5.00 -5.00 1071.874 5.00 5.00 -3.00
-5.00 -5.00 -5.00 1548.388 5.00 5.00 -3.00
-3.00 9999.00 9999.00 1572.674 9999.00 9999.00 9999.00
9999.00 -2.00 -2.00 1584.817 9999.00 9999.00 9999.00
-3.00 -2.00 -2.00 1633.388 -2.00 -2.00 -3.00
9999.00 9999.00 9999.00 1681.959 -2.00 -2.00 9999.00
9999.00 9999.00 9999.00 1694.102 9999.00 9999.00 -3.00
-3.00 5.00 5.00 1718.388 -5.00 -5.00 -5.00
-3.00 5.00 5.00 2233.770 -5.00 -5.00 -5.00
9999.00 9999.00 9999.00 2258.056 9999.00 9999.00 -3.00
9999.00 9999.00 9999.00 2270.199 -2.00 -2.00 9999.00
-3.00 -2.00 -2.00 2318.770 -2.00 -2.00 -3.00
-3.00 -2.00 -2.00 4652.323 -2.00 -2.00 -3.00
9999.00 9999.00 9999.00 4702.323 -2.00 -2.00 9999.00
9999.00 9999.00 9999.00 4714.823 9999.00 9999.00 -3.00
-3.00 4.00 4.00 4727.323 -4.00 -4.00 -4.00
-3.00 4.00 4.00 5171.867 -4.00 -4.00 -4.00
9999.00 9999.00 9999.00 5184.367 9999.00 9999.00 -3.00
9999.00 9999.00 9999.00 5196.867 -2.00 -2.00 9999.00
-3.00 -2.00 -2.00 5246.867 -2.00 -2.00 -3.00
-3.00 -2.00 -2.00 5459.449 -2.00 -2.00 -3.00
9999.00 9999.00 9999.00 5509.449 -2.00 -2.00 9999.00
9999.00 9999.00 9999.00 5521.949 9999.00 9999.00 -3.00
-3.00 4.00 4.00 5534.449 -4.00 -4.00 -4.00
-3.00 4.00 4.00 6066.157 -4.00 -4.00 -4.00
9999.00 9999.00 9999.00 6078.657 9999.00 9999.00 -3.00
9999.00 9999.00 9999.00 6091.157 -2.00 -2.00 9999.00
-3.00 -2.00 -2.00 6141.157 -2.00 -2.00 -3.00
-3.00 -2.00 -2.00 6365.895 -2.00 -2.00 -3.00
