HINTCAD5.8_SUP_SHUJU
-3.00 -2.00 -2.00 -1.000 -2.00 -2.00 -3.00
-3.00 -2.00 -2.00 222.616 -2.00 -2.00 -3.00
9999.00 9999.00 9999.00 272.616 -2.00 -2.00 9999.00
9999.00 9999.00 9999.00 285.116 9999.00 9999.00 -3.00
9999.00 5.00 9999.00 310.116 9999.00 -5.00 -5.00
-3.00 5.00 6.00 322.616 -6.00 -5.00 -5.00
-3.00 5.00 6.00 507.288 -6.00 -5.00 -5.00
9999.00 5.00 9999.00 519.788 9999.00 -5.00 -5.00
9999.00 9999.00 9999.00 544.788 9999.00 9999.00 -3.00
9999.00 9999.00 9999.00 557.288 -2.00 -2.00 9999.00
-3.00 -2.00 -2.00 607.288 -2.00 -2.00 -3.00
-3.00 -2.00 -2.00 1056.874 -2.00 -2.00 -3.00
9999.00 -2.00 -2.00 1131.159 9999.00 9999.00 9999.00
-3.00 9999.00 9999.00 1149.731 9999.00 9999.00 9999.00
-5.00 -5.00 -5.00 1186.874 5.00 5.00 -3.00
-5.00 -5.00 -5.00 1433.388 5.00 5.00 -3.00
-3.00 9999.00 9999.00 1470.531 9999.00 9999.00 9999.00
9999.00 -2.00 -2.00 1489.102 9999.00 9999.00 9999.00
-3.00 -2.00 -2.00 1563.388 -2.00 -2.00 -3.00
-3.00 -2.00 -2.00 1703.388 -2.00 -2.00 -3.00
9999.00 9999.00 9999.00 1777.674 -2.00 -2.00 9999.00
9999.00 9999.00 9999.00 1796.245 9999.00 9999.00 -3.00
-3.00 5.00 5.00 1833.388 -5.00 -5.00 -5.00
-3.00 5.00 5.00 2118.770 -5.00 -5.00 -5.00
9999.00 9999.00 9999.00 2155.913 9999.00 9999.00 -3.00
9999.00 9999.00 9999.00 2174.485 -2.00 -2.00 9999.00
-3.00 -2.00 -2.00 2248.770 -2.00 -2.00 -3.00
-3.00 -2.00 -2.00 4737.323 -2.00 -2.00 -3.00
9999.00 9999.00 9999.00 4813.990 -2.00 -2.00 9999.00
9999.00 9999.00 9999.00 4833.156 9999.00 9999.00 -3.00
-3.00 4.00 4.00 4852.323 -4.00 -4.00 -4.00
-3.00 4.00 4.00 5046.867 -4.00 -4.00 -4.00
9999.00 9999.00 9999.00 5066.033 9999.00 9999.00 -3.00
9999.00 9999.00 9999.00 5085.200 -2.00 -2.00 9999.00
-3.00 -2.00 -2.00 5161.867 -2.00 -2.00 -3.00
-3.00 -2.00 -2.00 5544.449 -2.00 -2.00 -3.00
9999.00 9999.00 9999.00 5621.115 -2.00 -2.00 9999.00
9999.00 9999.00 9999.00 5640.282 9999.00 9999.00 -3.00
-3.00 4.00 4.00 5659.449 -4.00 -4.00 -4.00
-3.00 4.00 4.00 5941.157 -4.00 -4.00 -4.00
9999.00 9999.00 9999.00 5960.324 9999.00 9999.00 -3.00
9999.00 9999.00 9999.00 5979.491 -2.00 -2.00 9999.00
-3.00 -2.00 -2.00 6056.157 -2.00 -2.00 -3.00
-3.00 -2.00 -2.00 6365.895 -2.00 -2.00 -3.00
