HINTCAD5.8_SUP_SHUJU
-3.00 -2.00 -2.00 -1.000 -2.00 -2.00 -3.00
-3.00 -2.00 -2.00 222.616 -2.00 -2.00 -3.00
9999.00 9999.00 9999.00 272.616 -2.00 -2.00 9999.00
9999.00 9999.00 9999.00 285.116 9999.00 9999.00 -3.00
9999.00 5.00 9999.00 310.116 9999.00 -5.00 -5.00
-3.00 5.00 6.00 322.616 -6.00 -5.00 -5.00
-3.00 5.00 6.00 507.288 -6.00 -5.00 -5.00
9999.00 5.00 9999.00 519.788 9999.00 -5.00 -5.00
9999.00 9999.00 9999.00 544.788 9999.00 9999.00 -3.00
9999.00 9999.00 9999.00 557.288 -2.00 -2.00 9999.00
-3.00 -2.00 -2.00 607.288 -2.00 -2.00 -3.00
-3.00 -2.00 -2.00 986.874 -2.00 -2.00 -3.00
9999.00 -2.00 -2.00 1046.874 9999.00 9999.00 9999.00
-3.00 9999.00 9999.00 1061.874 9999.00 9999.00 9999.00
-5.00 -5.00 -5.00 1091.874 5.00 5.00 -3.00
-5.00 -5.00 -5.00 1528.388 5.00 5.00 -3.00
-3.00 9999.00 9999.00 1558.388 9999.00 9999.00 9999.00
9999.00 -2.00 -2.00 1573.388 9999.00 9999.00 9999.00
-3.00 -2.00 -2.00 1633.388 -2.00 -2.00 -3.00
9999.00 9999.00 9999.00 1693.388 -2.00 -2.00 9999.00
9999.00 9999.00 9999.00 1708.388 9999.00 9999.00 -3.00
-3.00 5.00 5.00 1738.388 -5.00 -5.00 -5.00
-3.00 5.00 5.00 2213.770 -5.00 -5.00 -5.00
9999.00 9999.00 9999.00 2243.770 9999.00 9999.00 -3.00
9999.00 9999.00 9999.00 2258.770 -2.00 -2.00 9999.00
-3.00 -2.00 -2.00 2318.770 -2.00 -2.00 -3.00
-3.00 -2.00 -2.00 4652.323 -2.00 -2.00 -3.00
9999.00 9999.00 9999.00 4712.323 -2.00 -2.00 9999.00
9999.00 9999.00 9999.00 4727.323 9999.00 9999.00 -3.00
-3.00 4.00 4.00 4742.323 -4.00 -4.00 -4.00
-3.00 4.00 4.00 5156.867 -4.00 -4.00 -4.00
9999.00 9999.00 9999.00 5171.867 9999.00 9999.00 -3.00
9999.00 9999.00 9999.00 5186.867 -2.00 -2.00 9999.00
-3.00 -2.00 -2.00 5246.867 -2.00 -2.00 -3.00
-3.00 -2.00 -2.00 5459.449 -2.00 -2.00 -3.00
9999.00 9999.00 9999.00 5519.449 -2.00 -2.00 9999.00
9999.00 9999.00 9999.00 5534.449 9999.00 9999.00 -3.00
-3.00 4.00 4.00 5549.449 -4.00 -4.00 -4.00
-3.00 4.00 4.00 6051.157 -4.00 -4.00 -4.00
9999.00 9999.00 9999.00 6066.157 9999.00 9999.00 -3.00
9999.00 9999.00 9999.00 6081.157 -2.00 -2.00 9999.00
-3.00 -2.00 -2.00 6141.157 -2.00 -2.00 -3.00
-3.00 -2.00 -2.00 6365.895 -2.00 -2.00 -3.00
