HINTCAD5.8_SUP_SHUJU
-3.00 -2.00 -2.00 -1.000 -2.00 -2.00 -3.00
-3.00 -2.00 -2.00 222.616 -2.00 -2.00 -3.00
9999.00 9999.00 9999.00 260.116 -2.00 -2.00 9999.00
9999.00 9999.00 9999.00 269.491 9999.00 9999.00 -3.00
9999.00 5.00 9999.00 288.241 9999.00 -5.00 -5.00
-3.00 5.00 6.00 297.616 -6.00 -5.00 -5.00
-3.00 5.00 6.00 532.288 -6.00 -5.00 -5.00
9999.00 5.00 9999.00 541.663 9999.00 -5.00 -5.00
9999.00 9999.00 9999.00 560.413 9999.00 9999.00 -3.00
9999.00 9999.00 9999.00 569.788 -2.00 -2.00 9999.00
-3.00 -2.00 -2.00 607.288 -2.00 -2.00 -3.00
-3.00 -2.00 -2.00 986.874 -2.00 -2.00 -3.00
9999.00 -2.00 -2.00 1024.017 9999.00 9999.00 9999.00
-3.00 9999.00 9999.00 1033.302 9999.00 9999.00 9999.00
-5.00 -5.00 -5.00 1051.874 5.00 5.00 -3.00
-5.00 -5.00 -5.00 1568.388 5.00 5.00 -3.00
-3.00 9999.00 9999.00 1586.959 9999.00 9999.00 9999.00
9999.00 -2.00 -2.00 1596.245 9999.00 9999.00 9999.00
-3.00 -2.00 -2.00 1633.388 -2.00 -2.00 -3.00
9999.00 9999.00 9999.00 1670.531 -2.00 -2.00 9999.00
9999.00 9999.00 9999.00 1679.817 9999.00 9999.00 -3.00
-3.00 5.00 5.00 1698.388 -5.00 -5.00 -5.00
-3.00 5.00 5.00 2253.770 -5.00 -5.00 -5.00
9999.00 9999.00 9999.00 2272.342 9999.00 9999.00 -3.00
9999.00 9999.00 9999.00 2281.627 -2.00 -2.00 9999.00
-3.00 -2.00 -2.00 2318.770 -2.00 -2.00 -3.00
-3.00 -2.00 -2.00 4652.323 -2.00 -2.00 -3.00
9999.00 9999.00 9999.00 4688.990 -2.00 -2.00 9999.00
9999.00 9999.00 9999.00 4698.156 9999.00 9999.00 -3.00
-3.00 4.00 4.00 4707.323 -4.00 -4.00 -4.00
-3.00 4.00 4.00 5191.867 -4.00 -4.00 -4.00
9999.00 9999.00 9999.00 5201.033 9999.00 9999.00 -3.00
9999.00 9999.00 9999.00 5210.200 -2.00 -2.00 9999.00
-3.00 -2.00 -2.00 5246.867 -2.00 -2.00 -3.00
-3.00 -2.00 -2.00 5459.449 -2.00 -2.00 -3.00
9999.00 9999.00 9999.00 5496.115 -2.00 -2.00 9999.00
9999.00 9999.00 9999.00 5505.282 9999.00 9999.00 -3.00
-3.00 4.00 4.00 5514.449 -4.00 -4.00 -4.00
-3.00 4.00 4.00 6086.157 -4.00 -4.00 -4.00
9999.00 9999.00 9999.00 6095.324 9999.00 9999.00 -3.00
9999.00 9999.00 9999.00 6104.491 -2.00 -2.00 9999.00
-3.00 -2.00 -2.00 6141.157 -2.00 -2.00 -3.00
-3.00 -2.00 -2.00 6365.895 -2.00 -2.00 -3.00
