HINTCAD5.8_SUP_SHUJU
-3.00 -2.00 -2.00 -1.000 -2.00 -2.00 -3.00
-3.00 -2.00 -2.00 222.616 -2.00 -2.00 -3.00
9999.00 9999.00 9999.00 272.616 -2.00 -2.00 9999.00
9999.00 9999.00 9999.00 285.116 9999.00 9999.00 -3.00
9999.00 5.00 9999.00 310.116 9999.00 -5.00 -5.00
-3.00 5.00 6.00 322.616 -6.00 -5.00 -5.00
-3.00 5.00 6.00 507.288 -6.00 -5.00 -5.00
9999.00 5.00 9999.00 519.788 9999.00 -5.00 -5.00
9999.00 9999.00 9999.00 544.788 9999.00 9999.00 -3.00
9999.00 9999.00 9999.00 557.288 -2.00 -2.00 9999.00
-3.00 -2.00 -2.00 607.288 -2.00 -2.00 -3.00
-3.00 -2.00 -2.00 986.874 -2.00 -2.00 -3.00
9999.00 -2.00 -2.00 1061.159 9999.00 9999.00 9999.00
-3.00 9999.00 9999.00 1079.731 9999.00 9999.00 9999.00
-5.00 -5.00 -5.00 1116.874 5.00 5.00 -3.00
-5.00 -5.00 -5.00 1503.388 5.00 5.00 -3.00
-3.00 9999.00 9999.00 1540.531 9999.00 9999.00 9999.00
9999.00 -2.00 -2.00 1559.102 9999.00 9999.00 9999.00
-3.00 -2.00 -2.00 1633.388 -2.00 -2.00 -3.00
9999.00 9999.00 9999.00 1707.674 -2.00 -2.00 9999.00
9999.00 9999.00 9999.00 1726.245 9999.00 9999.00 -3.00
-3.00 5.00 5.00 1763.388 -5.00 -5.00 -5.00
-3.00 5.00 5.00 2188.770 -5.00 -5.00 -5.00
9999.00 9999.00 9999.00 2225.913 9999.00 9999.00 -3.00
9999.00 9999.00 9999.00 2244.485 -2.00 -2.00 9999.00
-3.00 -2.00 -2.00 2318.770 -2.00 -2.00 -3.00
-3.00 -2.00 -2.00 4652.323 -2.00 -2.00 -3.00
9999.00 9999.00 9999.00 4725.656 -2.00 -2.00 9999.00
9999.00 9999.00 9999.00 4743.990 9999.00 9999.00 -3.00
-3.00 4.00 4.00 4762.323 -4.00 -4.00 -4.00
-3.00 4.00 4.00 5136.867 -4.00 -4.00 -4.00
9999.00 9999.00 9999.00 5155.200 9999.00 9999.00 -3.00
9999.00 9999.00 9999.00 5173.533 -2.00 -2.00 9999.00
-3.00 -2.00 -2.00 5246.867 -2.00 -2.00 -3.00
-3.00 -2.00 -2.00 5459.449 -2.00 -2.00 -3.00
9999.00 9999.00 9999.00 5532.782 -2.00 -2.00 9999.00
9999.00 9999.00 9999.00 5551.115 9999.00 9999.00 -3.00
-3.00 4.00 4.00 5569.449 -4.00 -4.00 -4.00
-3.00 4.00 4.00 6031.157 -4.00 -4.00 -4.00
9999.00 9999.00 9999.00 6049.491 9999.00 9999.00 -3.00
9999.00 9999.00 9999.00 6067.824 -2.00 -2.00 9999.00
-3.00 -2.00 -2.00 6141.157 -2.00 -2.00 -3.00
-3.00 -2.00 -2.00 6365.895 -2.00 -2.00 -3.00
