HINTCAD5.8_SUP_SHUJU
-3.00 -2.00 -2.00 -1.000 -2.00 -2.00 -3.00
-3.00 -2.00 -2.00 222.616 -2.00 -2.00 -3.00
9999.00 9999.00 9999.00 252.616 -2.00 -2.00 9999.00
9999.00 9999.00 9999.00 260.116 9999.00 9999.00 -3.00
9999.00 5.00 9999.00 275.116 9999.00 -5.00 -5.00
-3.00 5.00 6.00 282.616 -6.00 -5.00 -5.00
-3.00 5.00 6.00 547.288 -6.00 -5.00 -5.00
9999.00 5.00 9999.00 554.788 9999.00 -5.00 -5.00
9999.00 9999.00 9999.00 569.788 9999.00 9999.00 -3.00
9999.00 9999.00 9999.00 577.288 -2.00 -2.00 9999.00
-3.00 -2.00 -2.00 607.288 -2.00 -2.00 -3.00
-3.00 -2.00 -2.00 986.874 -2.00 -2.00 -3.00
9999.00 -2.00 -2.00 1018.302 9999.00 9999.00 9999.00
-3.00 9999.00 9999.00 1026.159 9999.00 9999.00 9999.00
-5.00 -5.00 -5.00 1041.874 5.00 5.00 -3.00
-5.00 -5.00 -5.00 1578.388 5.00 5.00 -3.00
-3.00 9999.00 9999.00 1594.102 9999.00 9999.00 9999.00
9999.00 -2.00 -2.00 1601.959 9999.00 9999.00 9999.00
-3.00 -2.00 -2.00 1633.388 -2.00 -2.00 -3.00
9999.00 9999.00 9999.00 1664.817 -2.00 -2.00 9999.00
9999.00 9999.00 9999.00 1672.674 9999.00 9999.00 -3.00
-3.00 5.00 5.00 1688.388 -5.00 -5.00 -5.00
-3.00 5.00 5.00 2263.770 -5.00 -5.00 -5.00
9999.00 9999.00 9999.00 2279.485 9999.00 9999.00 -3.00
9999.00 9999.00 9999.00 2287.342 -2.00 -2.00 9999.00
-3.00 -2.00 -2.00 2318.770 -2.00 -2.00 -3.00
-3.00 -2.00 -2.00 4652.323 -2.00 -2.00 -3.00
9999.00 9999.00 9999.00 4682.323 -2.00 -2.00 9999.00
9999.00 9999.00 9999.00 4689.823 9999.00 9999.00 -3.00
-3.00 4.00 4.00 4697.323 -4.00 -4.00 -4.00
-3.00 4.00 4.00 5201.867 -4.00 -4.00 -4.00
9999.00 9999.00 9999.00 5209.367 9999.00 9999.00 -3.00
9999.00 9999.00 9999.00 5216.867 -2.00 -2.00 9999.00
-3.00 -2.00 -2.00 5246.867 -2.00 -2.00 -3.00
-3.00 -2.00 -2.00 5459.449 -2.00 -2.00 -3.00
9999.00 9999.00 9999.00 5489.449 -2.00 -2.00 9999.00
9999.00 9999.00 9999.00 5496.949 9999.00 9999.00 -3.00
-3.00 4.00 4.00 5504.449 -4.00 -4.00 -4.00
-3.00 4.00 4.00 6096.157 -4.00 -4.00 -4.00
9999.00 9999.00 9999.00 6103.657 9999.00 9999.00 -3.00
9999.00 9999.00 9999.00 6111.157 -2.00 -2.00 9999.00
-3.00 -2.00 -2.00 6141.157 -2.00 -2.00 -3.00
-3.00 -2.00 -2.00 6365.895 -2.00 -2.00 -3.00
