HINTCAD5.8_SUP_SHUJU
-3.00 -2.00 -2.00 -1.000 -2.00 -2.00 -3.00
-3.00 -2.00 -2.00 247.616 -2.00 -2.00 -3.00
9999.00 9999.00 9999.00 285.116 -2.00 -2.00 9999.00
9999.00 9999.00 9999.00 294.491 9999.00 9999.00 -3.00
9999.00 5.00 9999.00 313.241 9999.00 -5.00 -5.00
-3.00 5.00 6.00 322.616 -6.00 -5.00 -5.00
-3.00 5.00 6.00 507.288 -6.00 -5.00 -5.00
9999.00 5.00 9999.00 516.663 9999.00 -5.00 -5.00
9999.00 9999.00 9999.00 535.413 9999.00 9999.00 -3.00
9999.00 9999.00 9999.00 544.788 -2.00 -2.00 9999.00
-3.00 -2.00 -2.00 582.288 -2.00 -2.00 -3.00
-3.00 -2.00 -2.00 1121.874 -2.00 -2.00 -3.00
9999.00 -2.00 -2.00 1159.017 9999.00 9999.00 9999.00
-3.00 9999.00 9999.00 1168.302 9999.00 9999.00 9999.00
-5.00 -5.00 -5.00 1186.874 5.00 5.00 -3.00
-5.00 -5.00 -5.00 1433.388 5.00 5.00 -3.00
-3.00 9999.00 9999.00 1451.959 9999.00 9999.00 9999.00
9999.00 -2.00 -2.00 1461.245 9999.00 9999.00 9999.00
-3.00 -2.00 -2.00 1498.388 -2.00 -2.00 -3.00
-3.00 -2.00 -2.00 1768.388 -2.00 -2.00 -3.00
9999.00 9999.00 9999.00 1805.531 -2.00 -2.00 9999.00
9999.00 9999.00 9999.00 1814.817 9999.00 9999.00 -3.00
-3.00 5.00 5.00 1833.388 -5.00 -5.00 -5.00
-3.00 5.00 5.00 2118.770 -5.00 -5.00 -5.00
9999.00 9999.00 9999.00 2137.342 9999.00 9999.00 -3.00
9999.00 9999.00 9999.00 2146.627 -2.00 -2.00 9999.00
-3.00 -2.00 -2.00 2183.770 -2.00 -2.00 -3.00
-3.00 -2.00 -2.00 4797.323 -2.00 -2.00 -3.00
9999.00 9999.00 9999.00 4833.990 -2.00 -2.00 9999.00
9999.00 9999.00 9999.00 4843.156 9999.00 9999.00 -3.00
-3.00 4.00 4.00 4852.323 -4.00 -4.00 -4.00
-3.00 4.00 4.00 5046.867 -4.00 -4.00 -4.00
9999.00 9999.00 9999.00 5056.033 9999.00 9999.00 -3.00
9999.00 9999.00 9999.00 5065.200 -2.00 -2.00 9999.00
-3.00 -2.00 -2.00 5101.867 -2.00 -2.00 -3.00
-3.00 -2.00 -2.00 5604.449 -2.00 -2.00 -3.00
9999.00 9999.00 9999.00 5641.115 -2.00 -2.00 9999.00
9999.00 9999.00 9999.00 5650.282 9999.00 9999.00 -3.00
-3.00 4.00 4.00 5659.449 -4.00 -4.00 -4.00
-3.00 4.00 4.00 5941.157 -4.00 -4.00 -4.00
9999.00 9999.00 9999.00 5950.324 9999.00 9999.00 -3.00
9999.00 9999.00 9999.00 5959.491 -2.00 -2.00 9999.00
-3.00 -2.00 -2.00 5996.157 -2.00 -2.00 -3.00
-3.00 -2.00 -2.00 6365.895 -2.00 -2.00 -3.00
