HINTCAD5.8_SUP_SHUJU
-3.00 -2.00 -2.00 -1.000 -2.00 -2.00 -3.00
-3.00 -2.00 -2.00 262.616 -2.00 -2.00 -3.00
9999.00 9999.00 9999.00 292.616 -2.00 -2.00 9999.00
9999.00 9999.00 9999.00 300.116 9999.00 9999.00 -3.00
9999.00 5.00 9999.00 315.116 9999.00 -5.00 -5.00
-3.00 5.00 6.00 322.616 -6.00 -5.00 -5.00
-3.00 5.00 6.00 507.288 -6.00 -5.00 -5.00
9999.00 5.00 9999.00 514.788 9999.00 -5.00 -5.00
9999.00 9999.00 9999.00 529.788 9999.00 9999.00 -3.00
9999.00 9999.00 9999.00 537.288 -2.00 -2.00 9999.00
-3.00 -2.00 -2.00 567.288 -2.00 -2.00 -3.00
-3.00 -2.00 -2.00 1131.874 -2.00 -2.00 -3.00
9999.00 -2.00 -2.00 1163.302 9999.00 9999.00 9999.00
-3.00 9999.00 9999.00 1171.159 9999.00 9999.00 9999.00
-5.00 -5.00 -5.00 1186.874 5.00 5.00 -3.00
-5.00 -5.00 -5.00 1433.388 5.00 5.00 -3.00
-3.00 9999.00 9999.00 1449.102 9999.00 9999.00 9999.00
9999.00 -2.00 -2.00 1456.959 9999.00 9999.00 9999.00
-3.00 -2.00 -2.00 1488.388 -2.00 -2.00 -3.00
-3.00 -2.00 -2.00 1778.388 -2.00 -2.00 -3.00
9999.00 9999.00 9999.00 1809.817 -2.00 -2.00 9999.00
9999.00 9999.00 9999.00 1817.674 9999.00 9999.00 -3.00
-3.00 5.00 5.00 1833.388 -5.00 -5.00 -5.00
-3.00 5.00 5.00 2118.770 -5.00 -5.00 -5.00
9999.00 9999.00 9999.00 2134.485 9999.00 9999.00 -3.00
9999.00 9999.00 9999.00 2142.342 -2.00 -2.00 9999.00
-3.00 -2.00 -2.00 2173.770 -2.00 -2.00 -3.00
-3.00 -2.00 -2.00 4807.323 -2.00 -2.00 -3.00
9999.00 9999.00 9999.00 4837.323 -2.00 -2.00 9999.00
9999.00 9999.00 9999.00 4844.823 9999.00 9999.00 -3.00
-3.00 4.00 4.00 4852.323 -4.00 -4.00 -4.00
-3.00 4.00 4.00 5046.867 -4.00 -4.00 -4.00
9999.00 9999.00 9999.00 5054.367 9999.00 9999.00 -3.00
9999.00 9999.00 9999.00 5061.867 -2.00 -2.00 9999.00
-3.00 -2.00 -2.00 5091.867 -2.00 -2.00 -3.00
-3.00 -2.00 -2.00 5614.449 -2.00 -2.00 -3.00
9999.00 9999.00 9999.00 5644.449 -2.00 -2.00 9999.00
9999.00 9999.00 9999.00 5651.949 9999.00 9999.00 -3.00
-3.00 4.00 4.00 5659.449 -4.00 -4.00 -4.00
-3.00 4.00 4.00 5941.157 -4.00 -4.00 -4.00
9999.00 9999.00 9999.00 5948.657 9999.00 9999.00 -3.00
9999.00 9999.00 9999.00 5956.157 -2.00 -2.00 9999.00
-3.00 -2.00 -2.00 5986.157 -2.00 -2.00 -3.00
-3.00 -2.00 -2.00 6365.895 -2.00 -2.00 -3.00
