       20.000  17.5166  9.6524
       40.000  35.0332  19.3048
       60.000  52.5498  28.9572
       80.000  70.0664  38.6097
      100.000  87.5829  48.2621
      120.000  105.0995  57.9145
      140.000  122.6161  67.5669
      160.000  140.1327  77.2193
      180.000  157.6493  86.8717
      200.000  175.1659  96.5242
      220.000  192.6825  106.1766
      240.000  210.1821  115.8596
      260.000  227.5450  125.7850
      280.000  244.6027  136.2248
      300.000  261.1622  147.4356
      320.000  276.9952  159.6485
      340.000  291.8521  173.0298
      360.000  305.5923  187.5554
      380.000  318.1277  203.1327
      400.000  329.3782  219.6619
      420.000  339.2717  237.0372
      440.000  347.7451  255.1477
      460.000  354.7440  273.8774
      480.000  360.2239  293.1065
      500.000  364.1494  312.7120
      520.000  366.5093  332.5673
      540.000  367.4808  352.5405
      560.000  367.3762  372.5385
      580.000  366.5152  392.5192
      600.000  365.2183  412.4769
      620.000  363.7913  432.4260
      640.000  362.3618  452.3748
      660.000  360.9323  472.3237
      680.000  359.5027  492.2725
      700.000  358.0732  512.2213
      720.000  356.6437  532.1702
      740.000  355.2142  552.1190
      760.000  353.7846  572.0679
      780.000  352.3551  592.0167
      800.000  350.9256  611.9656
      820.000  349.4961  631.9144
      840.000  348.0665  651.8633
      860.000  346.6370  671.8121
      880.000  345.2075  691.7610
      900.000  343.7780  711.7098
      920.000  342.3484  731.6587
      940.000  340.9189  751.6075
      960.000  339.4894  771.5563
      980.000  338.0599  791.5052
     1000.000  336.6350  811.4544
     1020.000  335.2764  831.4081
     1040.000  334.0830  851.3724
     1060.000  333.1549  871.3507
     1080.000  332.5921  891.3424
     1100.000  332.4949  911.3416
     1120.000  332.9633  931.3353
     1140.000  334.0967  951.3021
     1160.000  335.9934  971.2106
     1180.000  338.7497  991.0180
     1200.000  342.4540  1010.6698
     1220.000  347.1353  1030.1121
     1240.000  352.7823  1049.2961
     1260.000  359.3812  1068.1739
     1280.000  366.9153  1086.6984
     1300.000  375.3658  1104.8231
     1320.000  384.7116  1122.5028
     1340.000  394.9293  1139.6933
     1360.000  405.9935  1156.3517
     1380.000  417.8764  1172.4363
     1400.000  430.5483  1187.9069
     1420.000  443.9776  1202.7248
     1440.000  458.1303  1216.8534
     1460.000  472.9461  1230.2855
     1480.000  488.3304  1243.0632
     1500.000  504.1935  1255.2419
     1520.000  520.4540  1266.8850
     1540.000  537.0382  1278.0628
     1560.000  553.8790  1288.8505
     1580.000  570.9150  1299.3274
     1600.000  588.0893  1309.5761
     1620.000  605.3488  1319.6812
     1640.000  622.6419  1329.7284
     1660.000  639.9187  1339.8037
     1680.000  657.1289  1349.9923
     1700.000  674.2207  1360.3779
     1720.000  691.1395  1371.0429
     1740.000  707.8265  1382.0668
     1760.000  724.2176  1393.5256
     1780.000  740.2428  1405.4904
     1800.000  755.8246  1418.0266
     1820.000  770.8780  1431.1922
     1840.000  785.3097  1445.0358
     1860.000  799.0448  1459.5709
     1880.000  812.0464  1474.7655
     1900.000  824.2829  1490.5828
     1920.000  835.7245  1506.9843
     1940.000  846.3434  1523.9301
     1960.000  856.1137  1541.3788
     1980.000  865.0117  1559.2882
     2000.000  873.0157  1577.6145
     2020.000  880.1062  1596.3133
     2040.000  886.2660  1615.3389
     2060.000  891.4802  1634.6452
     2080.000  895.7359  1654.1851
     2100.000  899.0229  1673.9111
     2120.000  901.3332  1693.7751
     2140.000  902.6807  1713.7279
     2160.000  903.1473  1733.7210
     2180.000  902.8309  1753.7174
     2200.000  901.8302  1773.6915
     2220.000  900.2449  1793.6279
     2240.000  898.1743  1813.5201
     2260.000  895.7177  1833.3684
     2280.000  892.9736  1853.1791
     2300.000  890.0401  1872.9628
     2320.000  887.0151  1892.7327
     2340.000  883.9766  1912.5005
     2360.000  880.9381  1932.2684
     2380.000  877.8997  1952.0362
     2400.000  874.8612  1971.8040
     2420.000  871.8227  1991.5719
     2440.000  868.7842  2011.3397
     2460.000  865.7458  2031.1076
     2480.000  862.7073  2050.8754
     2500.000  859.6688  2070.6433
     2520.000  856.6304  2090.4111
     2540.000  853.5919  2110.1790
     2560.000  850.5534  2129.9468
     2580.000  847.5149  2149.7147
     2600.000  844.4765  2169.4825
     2620.000  841.4380  2189.2503
     2640.000  838.3995  2209.0182
     2660.000  835.3610  2228.7860
     2680.000  832.3226  2248.5539
     2700.000  829.3510  2268.3318
     2720.000  826.5372  2288.1329
     2740.000  823.8819  2307.9557
     2760.000  821.3852  2327.7993
     2780.000  819.0474  2347.6621
     2800.000  816.8686  2367.5430
     2820.000  814.8489  2387.4407
     2840.000  812.9884  2407.3539
     2860.000  811.2873  2427.2814
     2880.000  809.7457  2447.2218
     2900.000  808.3636  2467.1740
     2920.000  807.1412  2487.1365
     2940.000  806.0785  2507.1082
     2960.000  805.1757  2527.0878
     2980.000  804.4327  2547.0739
     3000.000  803.8496  2567.0654
     3020.000  803.4265  2587.0608
     3040.000  803.1633  2607.0591
     3060.000  803.0601  2627.0587
     3080.000  803.1169  2647.0586
     3100.000  803.3338  2667.0574
     3120.000  803.7106  2687.0538
     3140.000  804.2473  2707.0465
     3160.000  804.9440  2727.0343
     3180.000  805.8006  2747.0159
     3200.000  806.8170  2766.9900
     3220.000  807.9931  2786.9554
     3240.000  809.3290  2806.9106
     3260.000  810.8244  2826.8546
     3280.000  812.4793  2846.7860
     3300.000  814.2936  2866.7034
     3320.000  816.2673  2886.6058
     3340.000  818.4000  2906.4917
     3360.000  820.6918  2926.3599
     3380.000  823.1424  2946.2091
     3400.000  825.7518  2966.0381
     3420.000  828.5197  2985.8456
     3440.000  831.4460  3005.6303
     3460.000  834.5305  3025.3910
     3480.000  837.7729  3045.1263
     3500.000  841.1731  3064.8351
     3520.000  844.7309  3084.5161
     3540.000  848.4460  3104.1680
     3560.000  852.3182  3123.7895
     3580.000  856.3473  3143.3794
     3600.000  860.5329  3162.9364
     3620.000  864.8749  3182.4594
     3640.000  869.3729  3201.9470
     3660.000  874.0267  3221.3979
     3680.000  878.8359  3240.8110
     3700.000  883.8003  3260.1851
     3720.000  888.9195  3279.5188
     3740.000  894.1932  3298.8109
     3760.000  899.6210  3318.0602
     3780.000  905.2027  3337.2655
     3800.000  910.9379  3356.4255
     3820.000  916.8261  3375.5390
     3840.000  922.8671  3394.6048
     3860.000  929.0604  3413.6216
     3880.000  935.4056  3432.5884
     3900.000  941.9024  3451.5037
     3920.000  948.5503  3470.3664
     3940.000  955.3488  3489.1754
     3960.000  962.2977  3507.9294
     3980.000  969.3963  3526.6272
     4000.000  976.6443  3545.2676
     4020.000  984.0411  3563.8494
     4040.000  991.5864  3582.3715
     4060.000  999.2796  3600.8326
     4080.000  1007.1203  3619.2315
     4100.000  1015.1079  3637.5672
     4120.000  1023.2419  3655.8384
     4140.000  1031.5218  3674.0439
     4160.000  1039.9471  3692.1826
     4180.000  1048.5173  3710.2533
     4200.000  1057.2317  3728.2548
     4220.000  1066.0899  3746.1861
     4240.000  1075.0912  3764.0459
     4260.000  1084.1837  3781.8596
     4280.000  1093.2777  3799.6725
     4300.000  1102.3718  3817.4854
     4320.000  1111.4658  3835.2982
     4340.000  1120.5599  3853.1111
     4360.000  1129.6539  3870.9240
     4380.000  1138.7480  3888.7369
     4400.000  1147.8420  3906.5497
     4420.000  1156.9361  3924.3626
     4440.000  1166.0301  3942.1755
     4460.000  1175.1241  3959.9883
     4480.000  1184.2182  3977.8012
     4500.000  1193.3122  3995.6141
     4520.000  1202.4063  4013.4269
     4540.000  1211.5003  4031.2398
     4560.000  1220.5944  4049.0527
     4580.000  1229.6884  4066.8656
     4600.000  1238.7825  4084.6784
     4620.000  1247.8765  4102.4913
     4640.000  1256.9705  4120.3042
     4660.000  1266.0640  4138.1173
     4680.000  1275.1324  4155.9433
     4700.000  1284.1184  4173.8108
     4720.000  1292.9622  4191.7492
     4740.000  1301.6030  4209.7861
     4760.000  1309.9793  4227.9473
     4780.000  1318.0283  4246.2558
     4800.000  1325.6859  4264.7313
     4820.000  1332.8864  4283.3895
     4840.000  1339.5627  4302.2415
     4860.000  1345.6467  4321.2927
     4880.000  1351.0949  4340.5354
     4900.000  1355.8988  4359.9489
     4920.000  1360.0530  4379.5118
     4940.000  1363.5529  4399.2022
     4960.000  1366.3946  4418.9984
     4980.000  1368.5751  4438.8783
     5000.000  1370.0917  4458.8197
     5020.000  1370.9429  4478.8007
     5040.000  1371.1278  4498.7989
     5060.000  1370.6492  4518.7923
     5080.000  1369.5487  4538.7613
     5100.000  1367.8933  4558.6921
     5120.000  1365.7506  4578.5765
     5140.000  1363.1879  4598.4113
     5160.000  1360.2724  4618.1975
     5180.000  1357.0707  4637.9394
     5200.000  1353.6492  4657.6445
     5220.000  1350.0739  4677.3223
     5240.000  1346.4105  4696.9839
     5260.000  1342.7215  4716.6407
     5280.000  1339.0320  4736.2975
     5300.000  1335.3426  4755.9542
     5320.000  1331.6532  4775.6110
     5340.000  1327.9637  4795.2678
     5360.000  1324.2743  4814.9245
     5380.000  1320.5848  4834.5813
     5400.000  1316.8954  4854.2380
     5420.000  1313.2059  4873.8948
     5440.000  1309.5165  4893.5515
     5460.000  1305.8271  4913.2083
     5480.000  1302.1258  4932.8628
     5500.000  1298.3572  4952.5045
     5520.000  1294.4559  4972.1203
     5540.000  1290.3570  4991.6956
     5560.000  1285.9956  5011.2141
     5580.000  1281.3077  5030.6566
     5600.000  1276.2302  5050.0010
     5620.000  1270.7011  5069.2209
     5640.000  1264.6597  5088.2860
     5660.000  1258.0475  5107.1604
     5680.000  1250.8195  5125.8076
     5700.000  1242.9741  5144.2036
     5720.000  1234.5199  5162.3279
     5740.000  1225.4664  5180.1604
     5760.000  1215.8236  5197.6812
     5780.000  1205.6022  5214.8710
     5800.000  1194.8137  5231.7105
     5820.000  1183.4699  5248.1811
     5840.000  1171.5835  5264.2646
     5860.000  1159.1677  5279.9429
     5880.000  1146.2363  5295.1988
     5900.000  1132.8036  5310.0152
     5920.000  1118.8846  5324.3757
     5940.000  1104.4948  5338.2644
     5960.000  1089.6562  5351.6727
     5980.000  1074.4195  5364.6270
     6000.000  1058.8402  5377.1676
     6020.000  1042.9702  5389.3383
     6040.000  1026.8576  5401.1862
     6060.000  1010.5474  5412.7608
     6080.000  994.0821  5424.1137
     6100.000  977.5019  5435.2983
     6120.000  960.8454  5446.3689
     6140.000  944.1499  5457.3807
     6160.000  927.4471  5468.3815
     6180.000  910.7444  5479.3823
     6200.000  894.0416  5490.3832
     6220.000  877.3389  5501.3840
     6240.000  860.6361  5512.3848
     6260.000  843.9334  5523.3856
     6280.000  827.2306  5534.3865
     6300.000  810.5279  5545.3873
     6320.000  793.8251  5556.3881
     6340.000  777.1224  5567.3889
     6360.000  760.4196  5578.3897
