20, -0.225, -0.15, -0.075, 0, -0.075, -0.15, -0.225
40, -0.225, -0.15, -0.075, 0, -0.075, -0.15, -0.225
60, -0.225, -0.15, -0.075, 0, -0.075, -0.15, -0.225
80, -0.225, -0.15, -0.075, 0, -0.075, -0.15, -0.225
100, -0.225, -0.15, -0.075, 0, -0.075, -0.15, -0.225
120, -0.225, -0.15, -0.075, 0, -0.075, -0.15, -0.225
140, -0.225, -0.15, -0.075, 0, -0.075, -0.15, -0.225
160, -0.225, -0.15, -0.075, 0, -0.075, -0.15, -0.225
180, -0.225, -0.15, -0.075, 0, -0.075, -0.15, -0.225
200, -0.225, -0.15, -0.075, 0, -0.075, -0.15, -0.225
220, -0.22, -0.1467, -0.0733, 0, -0.075, -0.15, -0.225
240, -0.1919, -0.128, -0.064, 0, -0.075, -0.15, -0.225
260, -0.1428, -0.0952, -0.0476, 0, -0.075, -0.15, -0.225
280, -0.0769, -0.0513, -0.0256, 0, -0.075, -0.15, -0.225
300, 0.0014, 0.001, 0.0005, 0, -0.075, -0.15, -0.225
320, 0.0879, 0.0586, 0.0293, 0, -0.075, -0.15, -0.225
340, 0.1783, 0.1189, 0.0594, 0, -0.075, -0.15, -0.225
360, 0.2682, 0.1788, 0.0894, 0, -0.0753, -0.1507, -0.226
380, 0.3533, 0.2356, 0.1178, 0, -0.0879, -0.1759, -0.2638
400, 0.4294, 0.2863, 0.1431, 0, -0.1131, -0.2262, -0.3393
420, 0.4922, 0.3281, 0.1641, 0, -0.143, -0.286, -0.429
440, 0.5372, 0.3582, 0.1791, 0, -0.1699, -0.3398, -0.5096
460, 0.5604, 0.3736, 0.1868, 0, -0.1859, -0.3718, -0.5577
480, 0.5625, 0.375, 0.1875, 0, -0.1875, -0.375, -0.5625
500, 0.5625, 0.375, 0.1875, 0, -0.1875, -0.375, -0.5625
520, 0.5625, 0.375, 0.1875, 0, -0.1875, -0.375, -0.5625
540, 0.5625, 0.375, 0.1875, 0, -0.1875, -0.375, -0.5625
560, 0.5625, 0.375, 0.1875, 0, -0.1875, -0.375, -0.5625
580, 0.5625, 0.375, 0.1875, 0, -0.1875, -0.375, -0.5625
600, 0.5625, 0.375, 0.1875, 0, -0.1875, -0.375, -0.5625
620, 0.5625, 0.375, 0.1875, 0, -0.1875, -0.375, -0.5625
640, 0.5625, 0.375, 0.1875, 0, -0.1875, -0.375, -0.5625
660, 0.5625, 0.375, 0.1875, 0, -0.1875, -0.375, -0.5625
680, 0.5625, 0.375, 0.1875, 0, -0.1875, -0.375, -0.5625
700, 0.5625, 0.375, 0.1875, 0, -0.1875, -0.375, -0.5625
720, 0.5625, 0.375, 0.1875, 0, -0.1875, -0.375, -0.5625
740, 0.5625, 0.375, 0.1875, 0, -0.1875, -0.375, -0.5625
760, 0.5625, 0.375, 0.1875, 0, -0.1875, -0.375, -0.5625
780, 0.5625, 0.375, 0.1875, 0, -0.1875, -0.375, -0.5625
800, 0.5625, 0.375, 0.1875, 0, -0.1875, -0.375, -0.5625
820, 0.5625, 0.375, 0.1875, 0, -0.1875, -0.375, -0.5625
840, 0.5625, 0.375, 0.1875, 0, -0.1875, -0.375, -0.5625
860, 0.5625, 0.375, 0.1875, 0, -0.1875, -0.375, -0.5625
880, 0.5625, 0.375, 0.1875, 0, -0.1875, -0.375, -0.5625
900, 0.5625, 0.375, 0.1875, 0, -0.1875, -0.375, -0.5625
920, 0.5625, 0.375, 0.1875, 0, -0.1875, -0.375, -0.5625
940, 0.5625, 0.375, 0.1875, 0, -0.1875, -0.375, -0.5625
960, 0.5625, 0.375, 0.1875, 0, -0.1875, -0.375, -0.5625
980, 0.5625, 0.375, 0.1875, 0, -0.1875, -0.375, -0.5625
1000, 0.5625, 0.375, 0.1875, 0, -0.1875, -0.375, -0.5625
1020, 0.5625, 0.375, 0.1875, 0, -0.1875, -0.375, -0.5625
1040, 0.5625, 0.375, 0.1875, 0, -0.1875, -0.375, -0.5625
1060, 0.5625, 0.375, 0.1875, 0, -0.1875, -0.375, -0.5625
1080, 0.5625, 0.375, 0.1875, 0, -0.1875, -0.375, -0.5625
1100, 0.5625, 0.375, 0.1875, 0, -0.1875, -0.375, -0.5625
1120, 0.5625, 0.375, 0.1875, 0, -0.1875, -0.375, -0.5625
1140, 0.5625, 0.375, 0.1875, 0, -0.1875, -0.375, -0.5625
1160, 0.5625, 0.375, 0.1875, 0, -0.1875, -0.375, -0.5625
1180, 0.5625, 0.375, 0.1875, 0, -0.1875, -0.375, -0.5625
1200, 0.5625, 0.375, 0.1875, 0, -0.1875, -0.375, -0.5625
1220, 0.5625, 0.375, 0.1875, 0, -0.1875, -0.375, -0.5625
1240, 0.5625, 0.375, 0.1875, 0, -0.1875, -0.375, -0.5625
1260, 0.5625, 0.375, 0.1875, 0, -0.1875, -0.375, -0.5625
1280, 0.5625, 0.375, 0.1875, 0, -0.1875, -0.375, -0.5625
1300, 0.5625, 0.375, 0.1875, 0, -0.1875, -0.375, -0.5625
1320, 0.5625, 0.375, 0.1875, 0, -0.1875, -0.375, -0.5625
1340, 0.5625, 0.375, 0.1875, 0, -0.1875, -0.375, -0.5625
1360, 0.5625, 0.375, 0.1875, 0, -0.1875, -0.375, -0.5625
1380, 0.5625, 0.375, 0.1875, 0, -0.1875, -0.375, -0.5625
1400, 0.5625, 0.375, 0.1875, 0, -0.1875, -0.375, -0.5625
1420, 0.5625, 0.375, 0.1875, 0, -0.1875, -0.375, -0.5625
1440, 0.5625, 0.375, 0.1875, 0, -0.1875, -0.375, -0.5625
1460, 0.5625, 0.375, 0.1875, 0, -0.1875, -0.375, -0.5625
1480, 0.5625, 0.375, 0.1875, 0, -0.1875, -0.375, -0.5625
1500, 0.5625, 0.375, 0.1875, 0, -0.1875, -0.375, -0.5625
1520, 0.5625, 0.375, 0.1875, 0, -0.1875, -0.375, -0.5625
1540, 0.5625, 0.375, 0.1875, 0, -0.1875, -0.375, -0.5625
1560, 0.5625, 0.375, 0.1875, 0, -0.1875, -0.375, -0.5625
1580, 0.5625, 0.375, 0.1875, 0, -0.1875, -0.375, -0.5625
1600, 0.5625, 0.375, 0.1875, 0, -0.1875, -0.375, -0.5625
1620, 0.5625, 0.375, 0.1875, 0, -0.1875, -0.375, -0.5625
1640, 0.5625, 0.375, 0.1875, 0, -0.1875, -0.375, -0.5625
1660, 0.5625, 0.375, 0.1875, 0, -0.1875, -0.375, -0.5625
1680, 0.5625, 0.375, 0.1875, 0, -0.1875, -0.375, -0.5625
1700, 0.5625, 0.375, 0.1875, 0, -0.1875, -0.375, -0.5625
1720, 0.5625, 0.375, 0.1875, 0, -0.1875, -0.375, -0.5625
1740, 0.5625, 0.375, 0.1875, 0, -0.1875, -0.375, -0.5625
1760, 0.5625, 0.375, 0.1875, 0, -0.1875, -0.375, -0.5625
1780, 0.5625, 0.375, 0.1875, 0, -0.1875, -0.375, -0.5625
1800, 0.5625, 0.375, 0.1875, 0, -0.1875, -0.375, -0.5625
1820, 0.5625, 0.375, 0.1875, 0, -0.1875, -0.375, -0.5625
1840, 0.5625, 0.375, 0.1875, 0, -0.1875, -0.375, -0.5625
1860, 0.5625, 0.375, 0.1875, 0, -0.1875, -0.375, -0.5625
1880, 0.5625, 0.375, 0.1875, 0, -0.1875, -0.375, -0.5625
1900, 0.5625, 0.375, 0.1875, 0, -0.1875, -0.375, -0.5625
1920, 0.5625, 0.375, 0.1875, 0, -0.1875, -0.375, -0.5625
1940, 0.5625, 0.375, 0.1875, 0, -0.1875, -0.375, -0.5625
1960, 0.5625, 0.375, 0.1875, 0, -0.1875, -0.375, -0.5625
1980, 0.5625, 0.375, 0.1875, 0, -0.1875, -0.375, -0.5625
2000, 0.5625, 0.375, 0.1875, 0, -0.1875, -0.375, -0.5625
2020, 0.5625, 0.375, 0.1875, 0, -0.1875, -0.375, -0.5625
2040, 0.5499, 0.3666, 0.1833, 0, -0.1784, -0.3568, -0.5352
2060, 0.5135, 0.3424, 0.1712, 0, -0.1551, -0.3103, -0.4654
2080, 0.4577, 0.3051, 0.1526, 0, -0.1256, -0.2511, -0.3767
2100, 0.3867, 0.2578, 0.1289, 0, -0.0974, -0.1949, -0.2923
2120, 0.3049, 0.2032, 0.1016, 0, -0.0786, -0.1572, -0.2358
2140, 0.2164, 0.1443, 0.0721, 0, -0.075, -0.15, -0.225
2160, 0.1258, 0.0838, 0.0419, 0, -0.075, -0.15, -0.225
2180, 0.0371, 0.0247, 0.0124, 0, -0.075, -0.15, -0.225
2200, -0.0452, -0.0301, -0.0151, 0, -0.075, -0.15, -0.225
2220, -0.1169, -0.0779, -0.039, 0, -0.075, -0.15, -0.225
2240, -0.1736, -0.1157, -0.0579, 0, -0.075, -0.15, -0.225
2260, -0.2111, -0.1407, -0.0704, 0, -0.075, -0.15, -0.225
2280, -0.225, -0.15, -0.075, 0, -0.075, -0.15, -0.225
2300, -0.225, -0.15, -0.075, 0, -0.075, -0.15, -0.225
2320, -0.225, -0.15, -0.075, 0, -0.075, -0.15, -0.225
2340, -0.225, -0.15, -0.075, 0, -0.075, -0.15, -0.225
2360, -0.225, -0.15, -0.075, 0, -0.075, -0.15, -0.225
2380, -0.225, -0.15, -0.075, 0, -0.075, -0.15, -0.225
2400, -0.225, -0.15, -0.075, 0, -0.075, -0.15, -0.225
2420, -0.225, -0.15, -0.075, 0, -0.075, -0.15, -0.225
2440, -0.225, -0.15, -0.075, 0, -0.075, -0.15, -0.225
2460, -0.225, -0.15, -0.075, 0, -0.075, -0.15, -0.225
2480, -0.225, -0.15, -0.075, 0, -0.075, -0.15, -0.225
2500, -0.225, -0.15, -0.075, 0, -0.075, -0.15, -0.225
2520, -0.225, -0.15, -0.075, 0, -0.075, -0.15, -0.225
2540, -0.225, -0.15, -0.075, 0, -0.075, -0.15, -0.225
2560, -0.225, -0.15, -0.075, 0, -0.075, -0.15, -0.225
2580, -0.225, -0.15, -0.075, 0, -0.075, -0.15, -0.225
2600, -0.225, -0.15, -0.075, 0, -0.075, -0.15, -0.225
2620, -0.225, -0.15, -0.075, 0, -0.075, -0.15, -0.225
2640, -0.225, -0.15, -0.075, 0, -0.075, -0.15, -0.225
2660, -0.225, -0.15, -0.075, 0, -0.075, -0.15, -0.225
2680, -0.225, -0.15, -0.075, 0, -0.075, -0.15, -0.225
2700, -0.225, -0.15, -0.075, 0, -0.075, -0.15, -0.225
2720, -0.225, -0.15, -0.075, 0, -0.075, -0.15, -0.225
2740, -0.225, -0.15, -0.075, 0, -0.075, -0.15, -0.225
2760, -0.225, -0.15, -0.075, 0, -0.075, -0.15, -0.225
2780, -0.225, -0.15, -0.075, 0, -0.075, -0.15, -0.225
2800, -0.225, -0.15, -0.075, 0, -0.075, -0.15, -0.225
2820, -0.225, -0.15, -0.075, 0, -0.075, -0.15, -0.225
2840, -0.225, -0.15, -0.075, 0, -0.075, -0.15, -0.225
2860, -0.225, -0.15, -0.075, 0, -0.075, -0.1499, -0.2249
2880, -0.225, -0.15, -0.075, 0, -0.0704, -0.1408, -0.2112
2900, -0.225, -0.15, -0.075, 0, -0.059, -0.118, -0.177
2920, -0.225, -0.15, -0.075, 0, -0.0418, -0.0837, -0.1255
2940, -0.225, -0.15, -0.075, 0, -0.02, -0.04, -0.06
2960, -0.225, -0.15, -0.075, 0, 0.0055, 0.011, 0.0164
2980, -0.225, -0.15, -0.075, 0, 0.0335, 0.067, 0.1005
3000, -0.225, -0.15, -0.075, 0, 0.063, 0.1261, 0.1891
3020, -0.2332, -0.1555, -0.0777, 0, 0.093, 0.186, 0.279
3040, -0.2778, -0.1852, -0.0926, 0, 0.1223, 0.2446, 0.3669
3060, -0.3498, -0.2332, -0.1166, 0, 0.1499, 0.2998, 0.4497
3080, -0.4366, -0.2911, -0.1455, 0, 0.1747, 0.3494, 0.5242
3100, -0.5253, -0.3502, -0.1751, 0, 0.1957, 0.3914, 0.5871
3120, -0.603, -0.402, -0.201, 0, 0.2118, 0.4236, 0.6354
3140, -0.6571, -0.4381, -0.219, 0, 0.2219, 0.4438, 0.6657
3160, -0.675, -0.45, -0.225, 0, 0.225, 0.45, 0.675
3180, -0.675, -0.45, -0.225, 0, 0.225, 0.45, 0.675
3200, -0.675, -0.45, -0.225, 0, 0.225, 0.45, 0.675
3220, -0.675, -0.45, -0.225, 0, 0.225, 0.45, 0.675
3240, -0.675, -0.45, -0.225, 0, 0.225, 0.45, 0.675
3260, -0.675, -0.45, -0.225, 0, 0.225, 0.45, 0.675
3280, -0.675, -0.45, -0.225, 0, 0.225, 0.45, 0.675
3300, -0.675, -0.45, -0.225, 0, 0.225, 0.45, 0.675
3320, -0.675, -0.45, -0.225, 0, 0.225, 0.45, 0.675
3340, -0.675, -0.45, -0.225, 0, 0.225, 0.45, 0.675
3360, -0.675, -0.45, -0.225, 0, 0.225, 0.45, 0.675
3380, -0.675, -0.45, -0.225, 0, 0.225, 0.45, 0.675
3400, -0.675, -0.45, -0.225, 0, 0.225, 0.45, 0.675
3420, -0.675, -0.45, -0.225, 0, 0.225, 0.45, 0.675
3440, -0.675, -0.45, -0.225, 0, 0.225, 0.45, 0.675
3460, -0.675, -0.45, -0.225, 0, 0.225, 0.45, 0.675
3480, -0.675, -0.45, -0.225, 0, 0.225, 0.45, 0.675
3500, -0.675, -0.45, -0.225, 0, 0.225, 0.45, 0.675
3520, -0.675, -0.45, -0.225, 0, 0.225, 0.45, 0.675
3540, -0.675, -0.45, -0.225, 0, 0.225, 0.45, 0.675
3560, -0.675, -0.45, -0.225, 0, 0.225, 0.45, 0.675
3580, -0.675, -0.45, -0.225, 0, 0.225, 0.45, 0.675
3600, -0.675, -0.45, -0.225, 0, 0.225, 0.45, 0.675
3620, -0.675, -0.45, -0.225, 0, 0.225, 0.45, 0.675
3640, -0.675, -0.45, -0.225, 0, 0.225, 0.45, 0.675
3660, -0.675, -0.45, -0.225, 0, 0.225, 0.45, 0.675
3680, -0.675, -0.45, -0.225, 0, 0.225, 0.45, 0.675
3700, -0.675, -0.45, -0.225, 0, 0.225, 0.45, 0.675
3720, -0.675, -0.45, -0.225, 0, 0.225, 0.45, 0.675
3740, -0.675, -0.45, -0.225, 0, 0.225, 0.45, 0.675
3760, -0.675, -0.45, -0.225, 0, 0.225, 0.45, 0.675
3780, -0.675, -0.45, -0.225, 0, 0.225, 0.45, 0.675
3800, -0.675, -0.45, -0.225, 0, 0.225, 0.45, 0.675
3820, -0.675, -0.45, -0.225, 0, 0.225, 0.45, 0.675
3840, -0.675, -0.45, -0.225, 0, 0.225, 0.45, 0.675
3860, -0.675, -0.45, -0.225, 0, 0.225, 0.45, 0.675
3880, -0.675, -0.45, -0.225, 0, 0.225, 0.45, 0.675
3900, -0.675, -0.45, -0.225, 0, 0.225, 0.45, 0.675
3920, -0.675, -0.45, -0.225, 0, 0.225, 0.45, 0.675
3940, -0.675, -0.45, -0.225, 0, 0.225, 0.45, 0.675
3960, -0.675, -0.45, -0.225, 0, 0.225, 0.45, 0.675
3980, -0.675, -0.45, -0.225, 0, 0.225, 0.45, 0.675
4000, -0.675, -0.45, -0.225, 0, 0.225, 0.45, 0.675
4020, -0.675, -0.45, -0.225, 0, 0.225, 0.45, 0.675
4040, -0.668, -0.4453, -0.2227, 0, 0.2238, 0.4476, 0.6714
4060, -0.6249, -0.4166, -0.2083, 0, 0.216, 0.432, 0.648
4080, -0.5539, -0.3692, -0.1846, 0, 0.2018, 0.4037, 0.6055
4100, -0.4675, -0.3116, -0.1558, 0, 0.1824, 0.3648, 0.5473
4120, -0.3786, -0.2524, -0.1262, 0, 0.1588, 0.3176, 0.4764
4140, -0.3, -0.2, -0.1, 0, 0.132, 0.264, 0.3961
4160, -0.2446, -0.1631, -0.0815, 0, 0.1032, 0.2064, 0.3095
4180, -0.225, -0.15, -0.075, 0, 0.0733, 0.1467, 0.22
4200, -0.225, -0.15, -0.075, 0, 0.0435, 0.0871, 0.1306
4220, -0.225, -0.15, -0.075, 0, 0.0149, 0.0297, 0.0446
4240, -0.225, -0.15, -0.075, 0, -0.0116, -0.0232, -0.0348
4260, -0.225, -0.15, -0.075, 0, -0.0348, -0.0696, -0.1044
4280, -0.225, -0.15, -0.075, 0, -0.0537, -0.1074, -0.1611
4300, -0.225, -0.15, -0.075, 0, -0.0672, -0.1344, -0.2016
4320, -0.225, -0.15, -0.075, 0, -0.0742, -0.1485, -0.2227
4340, -0.225, -0.15, -0.075, 0, -0.075, -0.15, -0.225
4360, -0.225, -0.15, -0.075, 0, -0.075, -0.15, -0.225
4380, -0.225, -0.15, -0.075, 0, -0.075, -0.15, -0.225
4400, -0.225, -0.15, -0.075, 0, -0.075, -0.15, -0.225
4420, -0.225, -0.15, -0.075, 0, -0.075, -0.15, -0.225
4440, -0.225, -0.15, -0.075, 0, -0.075, -0.15, -0.225
4460, -0.225, -0.15, -0.075, 0, -0.075, -0.15, -0.225
4480, -0.225, -0.15, -0.075, 0, -0.075, -0.15, -0.225
4500, -0.225, -0.15, -0.075, 0, -0.075, -0.15, -0.225
4520, -0.225, -0.15, -0.075, 0, -0.075, -0.15, -0.225
4540, -0.225, -0.15, -0.075, 0, -0.075, -0.15, -0.225
4560, -0.225, -0.15, -0.075, 0, -0.075, -0.15, -0.225
4580, -0.225, -0.15, -0.075, 0, -0.075, -0.15, -0.225
4600, -0.225, -0.15, -0.075, 0, -0.075, -0.15, -0.225
4620, -0.225, -0.15, -0.075, 0, -0.075, -0.15, -0.225
4640, -0.225, -0.15, -0.075, 0, -0.075, -0.15, -0.225
4660, -0.225, -0.15, -0.075, 0, -0.075, -0.15, -0.225
4680, -0.225, -0.15, -0.075, 0, -0.075, -0.15, -0.225
4700, -0.225, -0.15, -0.075, 0, -0.075, -0.15, -0.225
4720, -0.225, -0.15, -0.075, 0, -0.075, -0.15, -0.225
4740, -0.225, -0.15, -0.075, 0, -0.075, -0.15, -0.225
4760, -0.225, -0.15, -0.075, 0, -0.075, -0.15, -0.225
4780, -0.225, -0.15, -0.075, 0, -0.075, -0.15, -0.225
4800, -0.225, -0.15, -0.075, 0, -0.075, -0.15, -0.225
4820, -0.225, -0.15, -0.075, 0, -0.075, -0.15, -0.225
4840, -0.225, -0.15, -0.075, 0, -0.075, -0.15, -0.225
4860, -0.225, -0.15, -0.075, 0, -0.075, -0.15, -0.225
4880, -0.225, -0.15, -0.075, 0, -0.075, -0.15, -0.225
4900, -0.225, -0.15, -0.075, 0, -0.075, -0.15, -0.225
4920, -0.225, -0.15, -0.075, 0, -0.075, -0.15, -0.225
4940, -0.225, -0.15, -0.075, 0, -0.075, -0.15, -0.225
4960, -0.225, -0.15, -0.075, 0, -0.075, -0.15, -0.225
4980, -0.225, -0.15, -0.075, 0, -0.075, -0.15, -0.225
5000, -0.225, -0.15, -0.075, 0, -0.075, -0.15, -0.225
5020, -0.225, -0.15, -0.075, 0, -0.075, -0.15, -0.225
5040, -0.225, -0.15, -0.075, 0, -0.075, -0.15, -0.225
5060, -0.225, -0.15, -0.075, 0, -0.075, -0.15, -0.225
5080, -0.225, -0.15, -0.075, 0, -0.075, -0.15, -0.225
5100, -0.225, -0.15, -0.075, 0, -0.075, -0.15, -0.225
5120, -0.225, -0.15, -0.075, 0, -0.075, -0.15, -0.225
5140, -0.225, -0.15, -0.075, 0, -0.075, -0.15, -0.225
5160, -0.225, -0.15, -0.075, 0, -0.075, -0.15, -0.225
5180, -0.225, -0.15, -0.075, 0, -0.075, -0.15, -0.225
5200, -0.225, -0.15, -0.075, 0, -0.075, -0.15, -0.225
5220, -0.225, -0.15, -0.075, 0, -0.075, -0.15, -0.225
5240, -0.225, -0.15, -0.075, 0, -0.075, -0.15, -0.225
5260, -0.225, -0.15, -0.075, 0, -0.075, -0.15, -0.225
5280, -0.225, -0.15, -0.075, 0, -0.075, -0.15, -0.225
5300, -0.225, -0.15, -0.075, 0, -0.075, -0.15, -0.225
5320, -0.225, -0.15, -0.075, 0, -0.075, -0.15, -0.225
5340, -0.225, -0.15, -0.075, 0, -0.075, -0.15, -0.225
5360, -0.225, -0.15, -0.075, 0, -0.075, -0.15, -0.225
5380, -0.225, -0.15, -0.075, 0, -0.075, -0.15, -0.225
5400, -0.225, -0.15, -0.075, 0, -0.075, -0.15, -0.225
5420, -0.225, -0.15, -0.075, 0, -0.075, -0.15, -0.225
5440, -0.225, -0.15, -0.075, 0, -0.075, -0.15, -0.225
5460, -0.225, -0.15, -0.075, 0, -0.075, -0.15, -0.225
5480, -0.225, -0.15, -0.075, 0, -0.075, -0.15, -0.225
5500, -0.225, -0.15, -0.075, 0, -0.075, -0.15, -0.225
5520, -0.225, -0.15, -0.075, 0, -0.075, -0.15, -0.225
5540, -0.225, -0.15, -0.075, 0, -0.075, -0.15, -0.225
5560, -0.225, -0.15, -0.075, 0, -0.075, -0.15, -0.225
5580, -0.225, -0.15, -0.075, 0, -0.075, -0.15, -0.225
5600, -0.225, -0.15, -0.075, 0, -0.075, -0.15, -0.225
5620, -0.225, -0.15, -0.075, 0, -0.075, -0.15, -0.225
5640, -0.225, -0.15, -0.075, 0, -0.075, -0.15, -0.225
5660, -0.225, -0.15, -0.075, 0, -0.075, -0.15, -0.225
5680, -0.225, -0.15, -0.075, 0, -0.075, -0.15, -0.225
5700, -0.225, -0.15, -0.075, 0, -0.075, -0.15, -0.225
5720, -0.225, -0.15, -0.075, 0, -0.075, -0.15, -0.225
5740, -0.225, -0.15, -0.075, 0, -0.075, -0.15, -0.225
5760, -0.225, -0.15, -0.075, 0, -0.075, -0.15, -0.225
5780, -0.225, -0.15, -0.075, 0, -0.075, -0.15, -0.225
5800, -0.225, -0.15, -0.075, 0, -0.075, -0.15, -0.225
5820, -0.225, -0.15, -0.075, 0, -0.075, -0.15, -0.225
5840, -0.225, -0.15, -0.075, 0, -0.075, -0.15, -0.225
5860, -0.225, -0.15, -0.075, 0, -0.075, -0.15, -0.225
5880, -0.225, -0.15, -0.075, 0, -0.075, -0.15, -0.225
5900, -0.225, -0.15, -0.075, 0, -0.075, -0.15, -0.225
5920, -0.225, -0.15, -0.075, 0, -0.075, -0.15, -0.225
5940, -0.225, -0.15, -0.075, 0, -0.075, -0.15, -0.225
5960, -0.225, -0.15, -0.075, 0, -0.075, -0.15, -0.225
5980, -0.225, -0.15, -0.075, 0, -0.075, -0.15, -0.225
6000, -0.225, -0.15, -0.075, 0, -0.075, -0.15, -0.225
6020, -0.225, -0.15, -0.075, 0, -0.075, -0.15, -0.225
6040, -0.225, -0.15, -0.075, 0, -0.075, -0.15, -0.225
6060, -0.225, -0.15, -0.075, 0, -0.075, -0.15, -0.225
6080, -0.225, -0.15, -0.075, 0, -0.075, -0.15, -0.225
6100, -0.225, -0.15, -0.075, 0, -0.075, -0.15, -0.225
6120, -0.225, -0.15, -0.075, 0, -0.075, -0.15, -0.225
6140, -0.225, -0.15, -0.075, 0, -0.075, -0.15, -0.225
6160, -0.225, -0.15, -0.075, 0, -0.075, -0.15, -0.225
6180, -0.225, -0.15, -0.075, 0, -0.075, -0.15, -0.225
6200, -0.225, -0.15, -0.075, 0, -0.075, -0.15, -0.225
6220, -0.225, -0.15, -0.075, 0, -0.075, -0.15, -0.225
6240, -0.225, -0.15, -0.075, 0, -0.075, -0.15, -0.225
6260, -0.225, -0.15, -0.075, 0, -0.075, -0.15, -0.225
6280, -0.225, -0.15, -0.075, 0, -0.075, -0.15, -0.225
6300, -0.225, -0.15, -0.075, 0, -0.075, -0.15, -0.225
6320, -0.225, -0.15, -0.075, 0, -0.075, -0.15, -0.225
6340, -0.225, -0.15, -0.075, 0, -0.075, -0.15, -0.225
6360, -0.225, -0.15, -0.075, 0, -0.075, -0.15, -0.225
6380, -0.225, -0.15, -0.075, 0, -0.075, -0.15, -0.225
6400, -0.225, -0.15, -0.075, 0, -0.075, -0.15, -0.225
6420, -0.225, -0.15, -0.075, 0, -0.075, -0.15, -0.225
6440, -0.225, -0.15, -0.075, 0, -0.075, -0.15, -0.225
6460, -0.225, -0.15, -0.075, 0, -0.075, -0.15, -0.225
6480, -0.225, -0.15, -0.075, 0, -0.075, -0.15, -0.225
6500, -0.225, -0.15, -0.075, 0, -0.075, -0.15, -0.225
6520, -0.225, -0.15, -0.075, 0, -0.075, -0.15, -0.225
6540, -0.225, -0.15, -0.075, 0, -0.075, -0.15, -0.225
6560, -0.225, -0.15, -0.075, 0, -0.075, -0.15, -0.225
6580, -0.225, -0.15, -0.075, 0, -0.075, -0.15, -0.225
6600, -0.225, -0.15, -0.075, 0, -0.075, -0.15, -0.225
6620, -0.225, -0.15, -0.075, 0, -0.075, -0.15, -0.225
6640, -0.225, -0.15, -0.075, 0, -0.075, -0.15, -0.225
6660, -0.225, -0.15, -0.075, 0, -0.075, -0.15, -0.225
6680, -0.225, -0.15, -0.075, 0, -0.075, -0.15, -0.225
6700, -0.225, -0.15, -0.075, 0, -0.075, -0.15, -0.225
6720, -0.225, -0.15, -0.075, 0, -0.075, -0.15, -0.225
6740, -0.225, -0.15, -0.075, 0, -0.075, -0.15, -0.225
6760, -0.225, -0.15, -0.075, 0, -0.075, -0.15, -0.225
6780, -0.225, -0.15, -0.075, 0, -0.075, -0.15, -0.225
6800, -0.225, -0.15, -0.075, 0, -0.075, -0.15, -0.225
6820, -0.225, -0.15, -0.075, 0, -0.075, -0.15, -0.225
6840, -0.225, -0.15, -0.075, 0, -0.075, -0.15, -0.225
6860, -0.225, -0.15, -0.075, 0, -0.075, -0.15, -0.225
6880, -0.225, -0.15, -0.075, 0, -0.075, -0.15, -0.225
6900, -0.225, -0.15, -0.075, 0, -0.075, -0.15, -0.225
6920, -0.225, -0.15, -0.075, 0, -0.075, -0.15, -0.225
6940, -0.225, -0.15, -0.075, 0, -0.075, -0.15, -0.225
6960, -0.225, -0.15, -0.075, 0, -0.075, -0.15, -0.225
6980, -0.225, -0.15, -0.075, 0, -0.075, -0.15, -0.225
7000, -0.225, -0.15, -0.075, 0, -0.075, -0.15, -0.225
7020, -0.225, -0.15, -0.075, 0, -0.075, -0.15, -0.225
7040, -0.225, -0.15, -0.075, 0, -0.075, -0.15, -0.225
7060, -0.225, -0.15, -0.075, 0, -0.075, -0.15, -0.225
7080, -0.225, -0.15, -0.075, 0, -0.075, -0.15, -0.225
7100, -0.225, -0.15, -0.075, 0, -0.075, -0.15, -0.225
7120, -0.225, -0.15, -0.075, 0, -0.075, -0.15, -0.225
7140, -0.225, -0.15, -0.075, 0, -0.075, -0.15, -0.225
7160, -0.225, -0.15, -0.075, 0, -0.075, -0.15, -0.225
7180, -0.225, -0.15, -0.075, 0, -0.075, -0.15, -0.225
7200, -0.225, -0.15, -0.075, 0, -0.075, -0.15, -0.225
7220, -0.225, -0.15, -0.075, 0, -0.075, -0.15, -0.225
7240, -0.225, -0.15, -0.075, 0, -0.075, -0.15, -0.225
