0020 -11.25 -7.5 -3.75 0 3.75 7.5 11.25
0040 -11.25 -7.5 -3.75 0 3.75 7.5 11.25
0140 -11.25 -7.5 -3.75 0 3.75 7.5 11.25
0160 -11.25 -7.5 -3.75 0 3.75 7.5 11.25
0180 -11.25 -7.5 -3.75 0 3.75 7.5 11.25
0200 -11.25 -7.5 -3.75 0 3.75 7.5 11.25
0220 -11.25 -7.5 -3.75 0 3.75 7.5 11.25
0240 -11.25 -7.5 -3.75 0 3.75 7.5 11.25
0260 -11.25 -7.5 -3.75 0 3.75 7.5 11.25
0280 -11.25 -7.5 -3.75 0 3.75 7.5 11.25
0300 -11.25 -7.5 -3.75 0 3.75 7.5 11.25
0320 -11.25 -7.5 -3.75 0 3.75 7.5 11.25
0340 -11.25 -7.5 -3.75 0 3.75 7.5 11.25
0360 -11.25 -7.5 -3.75 0 3.75 7.5 11.25
0380 -11.25 -7.5 -3.75 0 3.75 7.5 11.25
2120 -11.25 -7.5 -3.75 0 3.75 7.5 11.25
2140 -11.25 -7.5 -3.75 0 3.75 7.5 11.25
2160 -11.25 -7.5 -3.75 0 3.75 7.5 11.25
2180 -11.25 -7.5 -3.75 0 3.75 7.5 11.25
2200 -11.25 -7.5 -3.75 0 3.75 7.5 11.25
2220 -11.25 -7.5 -3.75 0 3.75 7.5 11.25
2240 -11.25 -7.5 -3.75 0 3.75 7.5 11.25
2260 -11.25 -7.5 -3.75 0 3.75 7.5 11.25
2280 -11.25 -7.5 -3.75 0 3.75 7.5 11.25
2300 -11.25 -7.5 -3.75 0 3.75 7.5 11.25
2320 -11.25 -7.5 -3.75 0 3.75 7.5 11.25
2340 -11.25 -7.5 -3.75 0 3.75 7.5 11.25
2360 -11.25 -7.5 -3.75 0 3.75 7.5 11.25
2760 -11.25 -7.5 -3.75 0 3.75 7.5 11.25
2780 -11.25 -7.5 -3.75 0 3.75 7.5 11.25
2800 -11.25 -7.5 -3.75 0 3.75 7.5 11.25
2820 -11.25 -7.5 -3.75 0 3.75 7.5 11.25
2840 -11.25 -7.5 -3.75 0 3.75 7.5 11.25
2860 -11.25 -7.5 -3.75 0 3.75 7.5 11.25
2880 -11.25 -7.5 -3.75 0 3.75 7.5 11.25
2900 -11.25 -7.5 -3.75 0 3.75 7.5 11.25
2920 -11.25 -7.5 -3.75 0 3.75 7.5 11.25
2940 -11.25 -7.5 -3.75 0 3.75 7.5 11.25
2960 -11.25 -7.5 -3.75 0 3.75 7.5 11.25
2980 -11.25 -7.5 -3.75 0 3.75 7.5 11.25
3000 -11.25 -7.5 -3.75 0 3.75 7.5 11.25
3020 -11.25 -7.5 -3.75 0 3.75 7.5 11.25
4160 -11.25 -7.5 -3.75 0 3.75 7.5 11.25
4180 -11.25 -7.5 -3.75 0 3.75 7.5 11.25
4200 -11.25 -7.5 -3.75 0 3.75 7.5 11.25
4220 -11.25 -7.5 -3.75 0 3.75 7.5 11.25
4240 -11.25 -7.5 -3.75 0 3.75 7.5 11.25
4260 -11.25 -7.5 -3.75 0 3.75 7.5 11.25
4280 -11.25 -7.5 -3.75 0 3.75 7.5 11.25
4300 -11.25 -7.5 -3.75 0 3.75 7.5 11.25
4320 -11.25 -7.5 -3.75 0 3.75 7.5 11.25
4340 -11.25 -7.5 -3.75 0 3.75 7.5 11.25
4360 -11.25 -7.5 -3.75 0 3.75 7.5 11.25
4380 -11.25 -7.5 -3.75 0 3.75 7.5 11.25
4400 -11.25 -7.5 -3.75 0 3.75 7.5 11.25
4420 -11.25 -7.5 -3.75 0 3.75 7.5 11.25
7240 -11.25 -7.5 -3.75 0 3.75 7.5 11.25
