-1.0 -0.225 -0.15 -0.075 0 -0.075 -0.15 -0.225 
693.53 -0.225 -0.15 -0.075 0 -0.075 -0.15 -0.225 
842.101 0.225 0.15 0.075 0 -0.075 -0.15 -0.225 
879.244 0.3375 0.225 0.1125 0 -0.1125 -0.225 -0.3375 
953.53 0.5625 0.375 0.1875 0 -0.1875 -0.375 -0.5625 
1526.151 0.5625 0.375 0.1875 0 -0.1875 -0.375 -0.5625 
1600.437 0.3375 0.225 0.1125 0 -0.1125 -0.225 -0.3375 
1637.58 0.225 0.15 0.075 0 -0.075 -0.15 -0.225 
1786.151 -0.225 -0.15 -0.075 0 -0.075 -0.15 -0.225 
3115.617 -0.225 -0.15 -0.075 0 -0.075 -0.15 -0.225 
3265.617 -0.225 -0.15 -0.075 0 0.075 0.15 0.225 
3303.117 -0.3375 -0.225 -0.1125 0 0.1125 0.225 0.3375 
3378.117 -0.5625 -0.375 -0.1875 0 0.1875 0.375 0.5625 
3415.617 -0.675 -0.45 -0.225 0 0.225 0.45 0.675 
3736.519 -0.675 -0.45 -0.225 0 0.225 0.45 0.675 
3774.019 -0.5625 -0.375 -0.1875 0 0.1875 0.375 0.5625 
3849.019 -0.3375 -0.225 -0.1125 0 0.1125 0.225 0.3375 
3886.519 -0.225 -0.15 -0.075 0 0.075 0.15 0.225 
4036.519 -0.225 -0.15 -0.075 0 -0.075 -0.15 -0.225 
7247.411 -0.225 -0.15 -0.075 0 -0.075 -0.15 -0.225 
