0020 -0.225 -0.15 -0.075 0 -0.075 -0.15 -0.225 
0040 -0.225 -0.15 -0.075 0 -0.075 -0.15 -0.225 
0740 -0.225 -0.15 -0.075 0 -0.075 -0.15 -0.225 
0760 -0.2226 -0.1484 -0.0742 0 -0.075 -0.15 -0.225 
0780 -0.1873 -0.1248 -0.0624 0 -0.075 -0.15 -0.225 
0800 -0.1172 -0.0781 -0.0391 0 -0.075 -0.15 -0.225 
0820 -0.0219 -0.0146 -0.0073 0 -0.075 -0.15 -0.225 
0840 0.0893 0.0596 0.0298 0 -0.075 -0.15 -0.225 
0860 0.2069 0.1379 0.069 0 -0.075 -0.15 -0.225 
0880 0.3214 0.2143 0.1071 0 -0.0812 -0.1623 -0.2435 
0900 0.4235 0.2823 0.1412 0 -0.1107 -0.2213 -0.332 
0920 0.5035 0.3357 0.1678 0 -0.1493 -0.2986 -0.448 
0940 0.5522 0.3681 0.1841 0 -0.18 -0.36 -0.5399 
0960 0.5625 0.375 0.1875 0 -0.1875 -0.375 -0.5625 
0980 0.5625 0.375 0.1875 0 -0.1875 -0.375 -0.5625 
1520 0.5625 0.375 0.1875 0 -0.1875 -0.375 -0.5625 
1540 0.5517 0.3678 0.1839 0 -0.1796 -0.3593 -0.5389 
1560 0.5025 0.335 0.1675 0 -0.1487 -0.2974 -0.4462 
1580 0.422 0.2813 0.1407 0 -0.1101 -0.2202 -0.3303 
1600 0.3197 0.2131 0.1066 0 -0.0809 -0.1617 -0.2426 
1620 0.205 0.1367 0.0683 0 -0.075 -0.15 -0.225 
1640 0.0875 0.0583 0.0292 0 -0.075 -0.15 -0.225 
1660 -0.0235 -0.0157 -0.0078 0 -0.075 -0.15 -0.225 
1680 -0.1186 -0.079 -0.0395 0 -0.075 -0.15 -0.225 
1700 -0.1881 -0.1254 -0.0627 0 -0.075 -0.15 -0.225 
1720 -0.2228 -0.1485 -0.0743 0 -0.075 -0.15 -0.225 
1740 -0.225 -0.15 -0.075 0 -0.075 -0.15 -0.225 
1760 -0.225 -0.15 -0.075 0 -0.075 -0.15 -0.225 
3180 -0.225 -0.15 -0.075 0 -0.075 -0.15 -0.225 
3200 -0.225 -0.15 -0.075 0 -0.0735 -0.147 -0.2204 
3220 -0.225 -0.15 -0.075 0 -0.061 -0.122 -0.183 
3240 -0.225 -0.15 -0.075 0 -0.038 -0.076 -0.114 
3260 -0.225 -0.15 -0.075 0 -0.007 -0.014 -0.021 
3280 -0.225 -0.15 -0.075 0 0.0294 0.0588 0.0883 
3300 -0.225 -0.15 -0.075 0 0.0688 0.1375 0.2063 
3320 -0.2524 -0.1682 -0.0841 0 0.1085 0.217 0.3255 
3340 -0.3384 -0.2256 -0.1128 0 0.1461 0.2922 0.4384 
3360 -0.4538 -0.3025 -0.1513 0 0.1791 0.3581 0.5372 
3380 -0.5682 -0.3788 -0.1894 0 0.2048 0.4097 0.6145 
3400 -0.6514 -0.4343 -0.2171 0 0.2209 0.4417 0.6626 
3420 -0.675 -0.45 -0.225 0 0.225 0.45 0.675 
3440 -0.675 -0.45 -0.225 0 0.225 0.45 0.675 
3720 -0.675 -0.45 -0.225 0 0.225 0.45 0.675 
3740 -0.6737 -0.4492 -0.2246 0 0.2248 0.4496 0.6744 
3760 -0.6244 -0.4162 -0.2081 0 0.2159 0.4318 0.6476 
3780 -0.5253 -0.3502 -0.1751 0 0.1957 0.3914 0.5872 
3800 -0.4069 -0.2712 -0.1356 0 0.1668 0.3337 0.5005 
3820 -0.2994 -0.1996 -0.0998 0 0.1318 0.2635 0.3953 
3840 -0.2332 -0.1555 -0.0777 0 0.093 0.186 0.279 
3860 -0.225 -0.15 -0.075 0 0.0531 0.1062 0.1593 
3880 -0.225 -0.15 -0.075 0 0.0146 0.0292 0.0438 
3900 -0.225 -0.15 -0.075 0 -0.02 -0.04 -0.0599 
3920 -0.225 -0.15 -0.075 0 -0.0481 -0.0962 -0.1444 
3940 -0.225 -0.15 -0.075 0 -0.0673 -0.1346 -0.2019 
3960 -0.225 -0.15 -0.075 0 -0.075 -0.1499 -0.2249 
3980 -0.225 -0.15 -0.075 0 -0.075 -0.15 -0.225 
4000 -0.225 -0.15 -0.075 0 -0.075 -0.15 -0.225 
7240 -0.225 -0.15 -0.075 0 -0.075 -0.15 -0.225 
