0020 -0.225 -0.15 -0.075 0 -0.075 -0.15 -0.225 
0040 -0.225 -0.15 -0.075 0 -0.075 -0.15 -0.225 
0140 -0.225 -0.15 -0.075 0 -0.075 -0.15 -0.225 
0160 -0.2236 -0.149 -0.0745 0 -0.075 -0.15 -0.225 
0180 -0.2022 -0.1348 -0.0674 0 -0.075 -0.15 -0.225 
0200 -0.1585 -0.1057 -0.0528 0 -0.075 -0.15 -0.225 
0220 -0.0969 -0.0646 -0.0323 0 -0.075 -0.15 -0.225 
0240 -0.0216 -0.0144 -0.0072 0 -0.075 -0.15 -0.225 
0260 0.063 0.042 0.021 0 -0.075 -0.15 -0.225 
0280 0.1527 0.1018 0.0509 0 -0.075 -0.15 -0.225 
0300 0.2432 0.1621 0.0811 0 -0.075 -0.15 -0.225 
0320 0.3301 0.2201 0.11 0 -0.0828 -0.1656 -0.2483 
0340 0.4092 0.2728 0.1364 0 -0.1052 -0.2104 -0.3156 
0360 0.4761 0.3174 0.1587 0 -0.1346 -0.2691 -0.4037 
0380 0.5266 0.3511 0.1755 0 -0.1631 -0.3261 -0.4892 
0400 0.5563 0.3709 0.1854 0 -0.1829 -0.3659 -0.5488 
0420 0.5625 0.375 0.1875 0 -0.1875 -0.375 -0.5625 
0440 0.5625 0.375 0.1875 0 -0.1875 -0.375 -0.5625 
2060 0.5625 0.375 0.1875 0 -0.1875 -0.375 -0.5625 
2080 0.556 0.3707 0.1853 0 -0.1827 -0.3654 -0.5482 
2100 0.5259 0.3506 0.1753 0 -0.1627 -0.3253 -0.488 
2120 0.4752 0.3168 0.1584 0 -0.1341 -0.2681 -0.4022 
2140 0.408 0.272 0.136 0 -0.1048 -0.2095 -0.3143 
2160 0.3288 0.2192 0.1096 0 -0.0825 -0.165 -0.2476 
2180 0.2418 0.1612 0.0806 0 -0.075 -0.15 -0.225 
2200 0.1513 0.1008 0.0504 0 -0.075 -0.15 -0.225 
2220 0.0616 0.0411 0.0205 0 -0.075 -0.15 -0.225 
2240 -0.0229 -0.0153 -0.0076 0 -0.075 -0.15 -0.225 
2260 -0.098 -0.0653 -0.0327 0 -0.075 -0.15 -0.225 
2280 -0.1594 -0.1062 -0.0531 0 -0.075 -0.15 -0.225 
2300 -0.2027 -0.1351 -0.0676 0 -0.075 -0.15 -0.225 
2320 -0.2237 -0.1491 -0.0746 0 -0.075 -0.15 -0.225 
2340 -0.225 -0.15 -0.075 0 -0.075 -0.15 -0.225 
2360 -0.225 -0.15 -0.075 0 -0.075 -0.15 -0.225 
2760 -0.225 -0.15 -0.075 0 -0.075 -0.15 -0.225 
2780 -0.225 -0.15 -0.075 0 -0.073 -0.146 -0.219 
2800 -0.225 -0.15 -0.075 0 -0.0641 -0.1282 -0.1922 
2820 -0.225 -0.15 -0.075 0 -0.049 -0.098 -0.147 
2840 -0.225 -0.15 -0.075 0 -0.0288 -0.0576 -0.0865 
2860 -0.225 -0.15 -0.075 0 -0.0046 -0.0092 -0.0138 
2880 -0.225 -0.15 -0.075 0 0.0226 0.0452 0.0677 
2900 -0.225 -0.15 -0.075 0 0.0517 0.1033 0.155 
2920 -0.2261 -0.1508 -0.0754 0 0.0816 0.1631 0.2447 
2940 -0.2568 -0.1712 -0.0856 0 0.1113 0.2225 0.3338 
2960 -0.3199 -0.2133 -0.1066 0 0.1396 0.2793 0.4189 
2980 -0.4025 -0.2684 -0.1342 0 0.1656 0.3313 0.4969 
3000 -0.492 -0.328 -0.164 0 0.1882 0.3764 0.5647 
3020 -0.5755 -0.3836 -0.1918 0 0.2063 0.4126 0.6189 
3040 -0.6401 -0.4267 -0.2134 0 0.2188 0.4376 0.6564 
3060 -0.6732 -0.4488 -0.2244 0 0.2247 0.4494 0.6741 
3080 -0.675 -0.45 -0.225 0 0.225 0.45 0.675 
3100 -0.675 -0.45 -0.225 0 0.225 0.45 0.675 
4080 -0.675 -0.45 -0.225 0 0.225 0.45 0.675 
4100 -0.6647 -0.4432 -0.2216 0 0.2232 0.4465 0.6697 
4120 -0.6177 -0.4118 -0.2059 0 0.2146 0.4292 0.6439 
4140 -0.5442 -0.3628 -0.1814 0 0.1998 0.3996 0.5994 
4160 -0.4568 -0.3046 -0.1523 0 0.1798 0.3596 0.5395 
4180 -0.3685 -0.2457 -0.1228 0 0.1558 0.3115 0.4673 
4200 -0.292 -0.1947 -0.0973 0 0.1287 0.2574 0.3861 
4220 -0.2402 -0.1601 -0.0801 0 0.0997 0.1994 0.299 
4240 -0.225 -0.15 -0.075 0 0.0698 0.1396 0.2093 
4260 -0.225 -0.15 -0.075 0 0.0401 0.0801 0.1202 
4280 -0.225 -0.15 -0.075 0 0.0116 0.0232 0.0348 
4300 -0.225 -0.15 -0.075 0 -0.0145 -0.0291 -0.0436 
4320 -0.225 -0.15 -0.075 0 -0.0373 -0.0746 -0.1119 
4340 -0.225 -0.15 -0.075 0 -0.0556 -0.1112 -0.1668 
4360 -0.225 -0.15 -0.075 0 -0.0684 -0.1368 -0.2051 
4380 -0.225 -0.15 -0.075 0 -0.0746 -0.1492 -0.2237 
4400 -0.225 -0.15 -0.075 0 -0.075 -0.15 -0.225 
4420 -0.225 -0.15 -0.075 0 -0.075 -0.15 -0.225 
7240 -0.225 -0.15 -0.075 0 -0.075 -0.15 -0.225 
