-1.0 -11.25 -7.5 -3.75 0 3.75 7.5 11.25
153.53 -11.25 -7.5 -3.75 0 3.75 7.5 11.25
267.815 -11.25 -7.5 -3.75 0 3.75 7.5 11.25
296.387 -11.25 -7.5 -3.75 0 3.75 7.5 11.25
353.53 -11.25 -7.5 -3.75 0 3.75 7.5 11.25
2126.151 -11.25 -7.5 -3.75 0 3.75 7.5 11.25
2183.294 -11.25 -7.5 -3.75 0 3.75 7.5 11.25
2211.865 -11.25 -7.5 -3.75 0 3.75 7.5 11.25
2326.151 -11.25 -7.5 -3.75 0 3.75 7.5 11.25
2765.617 -11.25 -7.5 -3.75 0 3.75 7.5 11.25
2878.117 -11.25 -7.5 -3.75 0 3.75 7.5 11.25
2906.242 -11.25 -7.5 -3.75 0 3.75 7.5 11.25
2962.492 -11.25 -7.5 -3.75 0 3.75 7.5 11.25
2990.617 -11.25 -7.5 -3.75 0 3.75 7.5 11.25
4161.519 -11.25 -7.5 -3.75 0 3.75 7.5 11.25
4189.644 -11.25 -7.5 -3.75 0 3.75 7.5 11.25
4245.894 -11.25 -7.5 -3.75 0 3.75 7.5 11.25
4274.019 -11.25 -7.5 -3.75 0 3.75 7.5 11.25
4386.519 -11.25 -7.5 -3.75 0 3.75 7.5 11.25
7247.411 -11.25 -7.5 -3.75 0 3.75 7.5 11.25
