0020 -0.225 -0.15 -0.075 0 -0.075 -0.15 -0.225 
0040 -0.225 -0.15 -0.075 0 -0.075 -0.15 -0.225 
0140 -0.225 -0.15 -0.075 0 -0.075 -0.15 -0.225 
0160 -0.2226 -0.1484 -0.0742 0 -0.075 -0.15 -0.225 
0180 -0.1873 -0.1248 -0.0624 0 -0.075 -0.15 -0.225 
0200 -0.1172 -0.0781 -0.0391 0 -0.075 -0.15 -0.225 
0220 -0.0219 -0.0146 -0.0073 0 -0.075 -0.15 -0.225 
0240 0.0893 0.0596 0.0298 0 -0.075 -0.15 -0.225 
0260 0.2069 0.1379 0.069 0 -0.075 -0.15 -0.225 
0280 0.3214 0.2143 0.1071 0 -0.0812 -0.1623 -0.2435 
0300 0.4235 0.2823 0.1412 0 -0.1107 -0.2213 -0.332 
0320 0.5035 0.3357 0.1678 0 -0.1493 -0.2986 -0.448 
0340 0.5522 0.3681 0.1841 0 -0.18 -0.36 -0.5399 
0360 0.5625 0.375 0.1875 0 -0.1875 -0.375 -0.5625 
0380 0.5625 0.375 0.1875 0 -0.1875 -0.375 -0.5625 
2120 0.5625 0.375 0.1875 0 -0.1875 -0.375 -0.5625 
2140 0.5517 0.3678 0.1839 0 -0.1796 -0.3593 -0.5389 
2160 0.5025 0.335 0.1675 0 -0.1487 -0.2974 -0.4462 
2180 0.422 0.2813 0.1407 0 -0.1101 -0.2202 -0.3303 
2200 0.3197 0.2131 0.1066 0 -0.0809 -0.1617 -0.2426 
2220 0.205 0.1367 0.0683 0 -0.075 -0.15 -0.225 
2240 0.0875 0.0583 0.0292 0 -0.075 -0.15 -0.225 
2260 -0.0235 -0.0157 -0.0078 0 -0.075 -0.15 -0.225 
2280 -0.1186 -0.079 -0.0395 0 -0.075 -0.15 -0.225 
2300 -0.1881 -0.1254 -0.0627 0 -0.075 -0.15 -0.225 
2320 -0.2228 -0.1485 -0.0743 0 -0.075 -0.15 -0.225 
2340 -0.225 -0.15 -0.075 0 -0.075 -0.15 -0.225 
2360 -0.225 -0.15 -0.075 0 -0.075 -0.15 -0.225 
2760 -0.225 -0.15 -0.075 0 -0.075 -0.15 -0.225 
2780 -0.225 -0.15 -0.075 0 -0.0715 -0.143 -0.2144 
2800 -0.225 -0.15 -0.075 0 -0.0561 -0.1122 -0.1684 
2820 -0.225 -0.15 -0.075 0 -0.0309 -0.0618 -0.0927 
2840 -0.225 -0.15 -0.075 0 0.0017 0.0034 0.005 
2860 -0.225 -0.15 -0.075 0 0.0391 0.0782 0.1172 
2880 -0.2254 -0.1502 -0.0751 0 0.0788 0.1575 0.2363 
2900 -0.2695 -0.1796 -0.0898 0 0.1182 0.2364 0.3546 
2920 -0.3657 -0.2438 -0.1219 0 0.1549 0.3098 0.4647 
2940 -0.4837 -0.3225 -0.1612 0 0.1863 0.3726 0.5588 
2960 -0.5932 -0.3954 -0.1977 0 0.2098 0.4197 0.6295 
2980 -0.6637 -0.4425 -0.2212 0 0.2231 0.4461 0.6692 
3000 -0.675 -0.45 -0.225 0 0.225 0.45 0.675 
3020 -0.675 -0.45 -0.225 0 0.225 0.45 0.675 
4160 -0.675 -0.45 -0.225 0 0.225 0.45 0.675 
4180 -0.6426 -0.4284 -0.2142 0 0.2193 0.4385 0.6578 
4200 -0.5531 -0.3687 -0.1844 0 0.2017 0.4034 0.605 
4220 -0.4366 -0.2911 -0.1455 0 0.1747 0.3495 0.5242 
4240 -0.3236 -0.2157 -0.1079 0 0.141 0.2819 0.4229 
4260 -0.2442 -0.1628 -0.0814 0 0.1029 0.2058 0.3087 
4280 -0.225 -0.15 -0.075 0 0.063 0.1261 0.1891 
4300 -0.225 -0.15 -0.075 0 0.024 0.0479 0.0719 
4320 -0.225 -0.15 -0.075 0 -0.0118 -0.0237 -0.0355 
4340 -0.225 -0.15 -0.075 0 -0.0418 -0.0837 -0.1255 
4360 -0.225 -0.15 -0.075 0 -0.0635 -0.127 -0.1904 
4380 -0.225 -0.15 -0.075 0 -0.0743 -0.1485 -0.2228 
4400 -0.225 -0.15 -0.075 0 -0.075 -0.15 -0.225 
4420 -0.225 -0.15 -0.075 0 -0.075 -0.15 -0.225 
7240 -0.225 -0.15 -0.075 0 -0.075 -0.15 -0.225 
