-1.0 -0.225 -0.15 -0.075 0 -0.075 -0.15 -0.225 
153.53 -0.225 -0.15 -0.075 0 -0.075 -0.15 -0.225 
302.101 0.225 0.15 0.075 0 -0.075 -0.15 -0.225 
339.244 0.3375 0.225 0.1125 0 -0.1125 -0.225 -0.3375 
413.53 0.5625 0.375 0.1875 0 -0.1875 -0.375 -0.5625 
2066.151 0.5625 0.375 0.1875 0 -0.1875 -0.375 -0.5625 
2140.437 0.3375 0.225 0.1125 0 -0.1125 -0.225 -0.3375 
2177.58 0.225 0.15 0.075 0 -0.075 -0.15 -0.225 
2326.151 -0.225 -0.15 -0.075 0 -0.075 -0.15 -0.225 
2765.617 -0.225 -0.15 -0.075 0 -0.075 -0.15 -0.225 
2915.617 -0.225 -0.15 -0.075 0 0.075 0.15 0.225 
2953.117 -0.3375 -0.225 -0.1125 0 0.1125 0.225 0.3375 
3028.117 -0.5625 -0.375 -0.1875 0 0.1875 0.375 0.5625 
3065.617 -0.675 -0.45 -0.225 0 0.225 0.45 0.675 
4086.519 -0.675 -0.45 -0.225 0 0.225 0.45 0.675 
4124.019 -0.5625 -0.375 -0.1875 0 0.1875 0.375 0.5625 
4199.019 -0.3375 -0.225 -0.1125 0 0.1125 0.225 0.3375 
4236.519 -0.225 -0.15 -0.075 0 0.075 0.15 0.225 
4386.519 -0.225 -0.15 -0.075 0 -0.075 -0.15 -0.225 
7247.411 -0.225 -0.15 -0.075 0 -0.075 -0.15 -0.225 
