-1.0 -0.225 -0.15 -0.075 0 -0.075 -0.15 -0.225 
753.53 -0.225 -0.15 -0.075 0 -0.075 -0.15 -0.225 
867.815 0.225 0.15 0.075 0 -0.075 -0.15 -0.225 
896.387 0.3375 0.225 0.1125 0 -0.1125 -0.225 -0.3375 
953.53 0.5625 0.375 0.1875 0 -0.1875 -0.375 -0.5625 
1526.151 0.5625 0.375 0.1875 0 -0.1875 -0.375 -0.5625 
1583.294 0.3375 0.225 0.1125 0 -0.1125 -0.225 -0.3375 
1611.865 0.225 0.15 0.075 0 -0.075 -0.15 -0.225 
1726.151 -0.225 -0.15 -0.075 0 -0.075 -0.15 -0.225 
3190.617 -0.225 -0.15 -0.075 0 -0.075 -0.15 -0.225 
3303.117 -0.225 -0.15 -0.075 0 0.075 0.15 0.225 
3331.242 -0.3375 -0.225 -0.1125 0 0.1125 0.225 0.3375 
3387.492 -0.5625 -0.375 -0.1875 0 0.1875 0.375 0.5625 
3415.617 -0.675 -0.45 -0.225 0 0.225 0.45 0.675 
3736.519 -0.675 -0.45 -0.225 0 0.225 0.45 0.675 
3764.644 -0.5625 -0.375 -0.1875 0 0.1875 0.375 0.5625 
3820.894 -0.3375 -0.225 -0.1125 0 0.1125 0.225 0.3375 
3849.019 -0.225 -0.15 -0.075 0 0.075 0.15 0.225 
3961.519 -0.225 -0.15 -0.075 0 -0.075 -0.15 -0.225 
7247.411 -0.225 -0.15 -0.075 0 -0.075 -0.15 -0.225 
