-1.0 -0.225 -0.15 -0.075 0 -0.075 -0.15 -0.225 
153.53 -0.225 -0.15 -0.075 0 -0.075 -0.15 -0.225 
267.815 0.225 0.15 0.075 0 -0.075 -0.15 -0.225 
296.387 0.3375 0.225 0.1125 0 -0.1125 -0.225 -0.3375 
353.53 0.5625 0.375 0.1875 0 -0.1875 -0.375 -0.5625 
2126.151 0.5625 0.375 0.1875 0 -0.1875 -0.375 -0.5625 
2183.294 0.3375 0.225 0.1125 0 -0.1125 -0.225 -0.3375 
2211.865 0.225 0.15 0.075 0 -0.075 -0.15 -0.225 
2326.151 -0.225 -0.15 -0.075 0 -0.075 -0.15 -0.225 
2765.617 -0.225 -0.15 -0.075 0 -0.075 -0.15 -0.225 
2878.117 -0.225 -0.15 -0.075 0 0.075 0.15 0.225 
2906.242 -0.3375 -0.225 -0.1125 0 0.1125 0.225 0.3375 
2962.492 -0.5625 -0.375 -0.1875 0 0.1875 0.375 0.5625 
2990.617 -0.675 -0.45 -0.225 0 0.225 0.45 0.675 
4161.519 -0.675 -0.45 -0.225 0 0.225 0.45 0.675 
4189.644 -0.5625 -0.375 -0.1875 0 0.1875 0.375 0.5625 
4245.894 -0.3375 -0.225 -0.1125 0 0.1125 0.225 0.3375 
4274.019 -0.225 -0.15 -0.075 0 0.075 0.15 0.225 
4386.519 -0.225 -0.15 -0.075 0 -0.075 -0.15 -0.225 
7247.411 -0.225 -0.15 -0.075 0 -0.075 -0.15 -0.225 
