-1.0 -11.25 -7.5 -3.75 0 3.75 7.5 11.25
693.53 -11.25 -7.5 -3.75 0 3.75 7.5 11.25
842.101 -11.25 -7.5 -3.75 0 3.75 7.5 11.25
879.244 -11.25 -7.5 -3.75 0 3.75 7.5 11.25
953.53 -11.25 -7.5 -3.75 0 3.75 7.5 11.25
1526.151 -11.25 -7.5 -3.75 0 3.75 7.5 11.25
1600.437 -11.25 -7.5 -3.75 0 3.75 7.5 11.25
1637.58 -11.25 -7.5 -3.75 0 3.75 7.5 11.25
1786.151 -11.25 -7.5 -3.75 0 3.75 7.5 11.25
3115.617 -11.25 -7.5 -3.75 0 3.75 7.5 11.25
3265.617 -11.25 -7.5 -3.75 0 3.75 7.5 11.25
3303.117 -11.25 -7.5 -3.75 0 3.75 7.5 11.25
3378.117 -11.25 -7.5 -3.75 0 3.75 7.5 11.25
3415.617 -11.25 -7.5 -3.75 0 3.75 7.5 11.25
3736.519 -11.25 -7.5 -3.75 0 3.75 7.5 11.25
3774.019 -11.25 -7.5 -3.75 0 3.75 7.5 11.25
3849.019 -11.25 -7.5 -3.75 0 3.75 7.5 11.25
3886.519 -11.25 -7.5 -3.75 0 3.75 7.5 11.25
4036.519 -11.25 -7.5 -3.75 0 3.75 7.5 11.25
7247.411 -11.25 -7.5 -3.75 0 3.75 7.5 11.25
