-1.0 -11.25 -7.5 -3.75 0 3.75 7.5 11.25
153.53 -11.25 -7.5 -3.75 0 3.75 7.5 11.25
302.101 -11.25 -7.5 -3.75 0 3.75 7.5 11.25
339.244 -11.25 -7.5 -3.75 0 3.75 7.5 11.25
413.53 -11.25 -7.5 -3.75 0 3.75 7.5 11.25
2066.151 -11.25 -7.5 -3.75 0 3.75 7.5 11.25
2140.437 -11.25 -7.5 -3.75 0 3.75 7.5 11.25
2177.58 -11.25 -7.5 -3.75 0 3.75 7.5 11.25
2326.151 -11.25 -7.5 -3.75 0 3.75 7.5 11.25
2765.617 -11.25 -7.5 -3.75 0 3.75 7.5 11.25
2915.617 -11.25 -7.5 -3.75 0 3.75 7.5 11.25
2953.117 -11.25 -7.5 -3.75 0 3.75 7.5 11.25
3028.117 -11.25 -7.5 -3.75 0 3.75 7.5 11.25
3065.617 -11.25 -7.5 -3.75 0 3.75 7.5 11.25
4086.519 -11.25 -7.5 -3.75 0 3.75 7.5 11.25
4124.019 -11.25 -7.5 -3.75 0 3.75 7.5 11.25
4199.019 -11.25 -7.5 -3.75 0 3.75 7.5 11.25
4236.519 -11.25 -7.5 -3.75 0 3.75 7.5 11.25
4386.519 -11.25 -7.5 -3.75 0 3.75 7.5 11.25
7247.411 -11.25 -7.5 -3.75 0 3.75 7.5 11.25
