0020 -0.225 -0.15 -0.075 0 -0.075 -0.15 -0.225 
0040 -0.225 -0.15 -0.075 0 -0.075 -0.15 -0.225 
0680 -0.225 -0.15 -0.075 0 -0.075 -0.15 -0.225 
0700 -0.2236 -0.149 -0.0745 0 -0.075 -0.15 -0.225 
0720 -0.2022 -0.1348 -0.0674 0 -0.075 -0.15 -0.225 
0740 -0.1585 -0.1057 -0.0528 0 -0.075 -0.15 -0.225 
0760 -0.0969 -0.0646 -0.0323 0 -0.075 -0.15 -0.225 
0780 -0.0216 -0.0144 -0.0072 0 -0.075 -0.15 -0.225 
0800 0.063 0.042 0.021 0 -0.075 -0.15 -0.225 
0820 0.1527 0.1018 0.0509 0 -0.075 -0.15 -0.225 
0840 0.2432 0.1621 0.0811 0 -0.075 -0.15 -0.225 
0860 0.3301 0.2201 0.11 0 -0.0828 -0.1656 -0.2483 
0880 0.4092 0.2728 0.1364 0 -0.1052 -0.2104 -0.3156 
0900 0.4761 0.3174 0.1587 0 -0.1346 -0.2691 -0.4037 
0920 0.5266 0.3511 0.1755 0 -0.1631 -0.3261 -0.4892 
0940 0.5563 0.3709 0.1854 0 -0.1829 -0.3659 -0.5488 
0960 0.5625 0.375 0.1875 0 -0.1875 -0.375 -0.5625 
0980 0.5625 0.375 0.1875 0 -0.1875 -0.375 -0.5625 
1520 0.5625 0.375 0.1875 0 -0.1875 -0.375 -0.5625 
1540 0.556 0.3707 0.1853 0 -0.1827 -0.3654 -0.5482 
1560 0.5259 0.3506 0.1753 0 -0.1627 -0.3253 -0.488 
1580 0.4752 0.3168 0.1584 0 -0.1341 -0.2681 -0.4022 
1600 0.408 0.272 0.136 0 -0.1048 -0.2095 -0.3143 
1620 0.3288 0.2192 0.1096 0 -0.0825 -0.165 -0.2476 
1640 0.2418 0.1612 0.0806 0 -0.075 -0.15 -0.225 
1660 0.1513 0.1008 0.0504 0 -0.075 -0.15 -0.225 
1680 0.0616 0.0411 0.0205 0 -0.075 -0.15 -0.225 
1700 -0.0229 -0.0153 -0.0076 0 -0.075 -0.15 -0.225 
1720 -0.098 -0.0653 -0.0327 0 -0.075 -0.15 -0.225 
1740 -0.1594 -0.1062 -0.0531 0 -0.075 -0.15 -0.225 
1760 -0.2027 -0.1351 -0.0676 0 -0.075 -0.15 -0.225 
1780 -0.2237 -0.1491 -0.0746 0 -0.075 -0.15 -0.225 
1800 -0.225 -0.15 -0.075 0 -0.075 -0.15 -0.225 
1820 -0.225 -0.15 -0.075 0 -0.075 -0.15 -0.225 
3100 -0.225 -0.15 -0.075 0 -0.075 -0.15 -0.225 
3120 -0.225 -0.15 -0.075 0 -0.0748 -0.1496 -0.2244 
3140 -0.225 -0.15 -0.075 0 -0.0694 -0.1388 -0.2081 
3160 -0.225 -0.15 -0.075 0 -0.0572 -0.1145 -0.1717 
3180 -0.225 -0.15 -0.075 0 -0.0395 -0.079 -0.1184 
3200 -0.225 -0.15 -0.075 0 -0.0171 -0.0343 -0.0514 
3220 -0.225 -0.15 -0.075 0 0.0087 0.0174 0.0261 
3240 -0.225 -0.15 -0.075 0 0.0369 0.0739 0.1108 
3260 -0.225 -0.15 -0.075 0 0.0666 0.1332 0.1997 
3280 -0.2366 -0.1577 -0.0789 0 0.0965 0.193 0.2895 
3300 -0.2851 -0.1901 -0.095 0 0.1257 0.2513 0.377 
3320 -0.3596 -0.2397 -0.1199 0 0.153 0.306 0.459 
3340 -0.4472 -0.2981 -0.1491 0 0.1774 0.3549 0.5323 
3360 -0.5353 -0.3569 -0.1784 0 0.1979 0.3958 0.5937 
3380 -0.6109 -0.4073 -0.2036 0 0.2133 0.4266 0.64 
3400 -0.6614 -0.4409 -0.2205 0 0.2226 0.4453 0.6679 
3420 -0.675 -0.45 -0.225 0 0.225 0.45 0.675 
3440 -0.675 -0.45 -0.225 0 0.225 0.45 0.675 
3720 -0.675 -0.45 -0.225 0 0.225 0.45 0.675 
3740 -0.6743 -0.4495 -0.2248 0 0.2249 0.4498 0.6746 
3760 -0.6454 -0.4302 -0.2151 0 0.2198 0.4395 0.6593 
3780 -0.5835 -0.389 -0.1945 0 0.2079 0.4158 0.6238 
3800 -0.5014 -0.3343 -0.1671 0 0.1904 0.3808 0.5712 
3820 -0.412 -0.2747 -0.1373 0 0.1682 0.3365 0.5047 
3840 -0.328 -0.2187 -0.1093 0 0.1425 0.2851 0.4276 
3860 -0.2622 -0.1748 -0.0874 0 0.1144 0.2287 0.3431 
3880 -0.2275 -0.1517 -0.0758 0 0.0848 0.1695 0.2543 
3900 -0.225 -0.15 -0.075 0 0.0548 0.1097 0.1645 
3920 -0.225 -0.15 -0.075 0 0.0256 0.0512 0.0768 
3940 -0.225 -0.15 -0.075 0 -0.0018 -0.0036 -0.0055 
3960 -0.225 -0.15 -0.075 0 -0.0264 -0.0528 -0.0792 
3980 -0.225 -0.15 -0.075 0 -0.0471 -0.0941 -0.1412 
4000 -0.225 -0.15 -0.075 0 -0.0627 -0.1255 -0.1882 
4020 -0.225 -0.15 -0.075 0 -0.0724 -0.1447 -0.2171 
4040 -0.225 -0.15 -0.075 0 -0.075 -0.15 -0.225 
4060 -0.225 -0.15 -0.075 0 -0.075 -0.15 -0.225 
7240 -0.225 -0.15 -0.075 0 -0.075 -0.15 -0.225 
