0020 -11.25 -7.5 -3.75 0 3.75 7.5 11.25
0040 -11.25 -7.5 -3.75 0 3.75 7.5 11.25
0740 -11.25 -7.5 -3.75 0 3.75 7.5 11.25
0760 -11.25 -7.5 -3.75 0 3.75 7.5 11.25
0780 -11.25 -7.5 -3.75 0 3.75 7.5 11.25
0800 -11.25 -7.5 -3.75 0 3.75 7.5 11.25
0820 -11.25 -7.5 -3.75 0 3.75 7.5 11.25
0840 -11.25 -7.5 -3.75 0 3.75 7.5 11.25
0860 -11.25 -7.5 -3.75 0 3.75 7.5 11.25
0880 -11.25 -7.5 -3.75 0 3.75 7.5 11.25
0900 -11.25 -7.5 -3.75 0 3.75 7.5 11.25
0920 -11.25 -7.5 -3.75 0 3.75 7.5 11.25
0940 -11.25 -7.5 -3.75 0 3.75 7.5 11.25
0960 -11.25 -7.5 -3.75 0 3.75 7.5 11.25
0980 -11.25 -7.5 -3.75 0 3.75 7.5 11.25
1520 -11.25 -7.5 -3.75 0 3.75 7.5 11.25
1540 -11.25 -7.5 -3.75 0 3.75 7.5 11.25
1560 -11.25 -7.5 -3.75 0 3.75 7.5 11.25
1580 -11.25 -7.5 -3.75 0 3.75 7.5 11.25
1600 -11.25 -7.5 -3.75 0 3.75 7.5 11.25
1620 -11.25 -7.5 -3.75 0 3.75 7.5 11.25
1640 -11.25 -7.5 -3.75 0 3.75 7.5 11.25
1660 -11.25 -7.5 -3.75 0 3.75 7.5 11.25
1680 -11.25 -7.5 -3.75 0 3.75 7.5 11.25
1700 -11.25 -7.5 -3.75 0 3.75 7.5 11.25
1720 -11.25 -7.5 -3.75 0 3.75 7.5 11.25
1740 -11.25 -7.5 -3.75 0 3.75 7.5 11.25
1760 -11.25 -7.5 -3.75 0 3.75 7.5 11.25
3180 -11.25 -7.5 -3.75 0 3.75 7.5 11.25
3200 -11.25 -7.5 -3.75 0 3.75 7.5 11.25
3220 -11.25 -7.5 -3.75 0 3.75 7.5 11.25
3240 -11.25 -7.5 -3.75 0 3.75 7.5 11.25
3260 -11.25 -7.5 -3.75 0 3.75 7.5 11.25
3280 -11.25 -7.5 -3.75 0 3.75 7.5 11.25
3300 -11.25 -7.5 -3.75 0 3.75 7.5 11.25
3320 -11.25 -7.5 -3.75 0 3.75 7.5 11.25
3340 -11.25 -7.5 -3.75 0 3.75 7.5 11.25
3360 -11.25 -7.5 -3.75 0 3.75 7.5 11.25
3380 -11.25 -7.5 -3.75 0 3.75 7.5 11.25
3400 -11.25 -7.5 -3.75 0 3.75 7.5 11.25
3420 -11.25 -7.5 -3.75 0 3.75 7.5 11.25
3440 -11.25 -7.5 -3.75 0 3.75 7.5 11.25
3720 -11.25 -7.5 -3.75 0 3.75 7.5 11.25
3740 -11.25 -7.5 -3.75 0 3.75 7.5 11.25
3760 -11.25 -7.5 -3.75 0 3.75 7.5 11.25
3780 -11.25 -7.5 -3.75 0 3.75 7.5 11.25
3800 -11.25 -7.5 -3.75 0 3.75 7.5 11.25
3820 -11.25 -7.5 -3.75 0 3.75 7.5 11.25
3840 -11.25 -7.5 -3.75 0 3.75 7.5 11.25
3860 -11.25 -7.5 -3.75 0 3.75 7.5 11.25
3880 -11.25 -7.5 -3.75 0 3.75 7.5 11.25
3900 -11.25 -7.5 -3.75 0 3.75 7.5 11.25
3920 -11.25 -7.5 -3.75 0 3.75 7.5 11.25
3940 -11.25 -7.5 -3.75 0 3.75 7.5 11.25
3960 -11.25 -7.5 -3.75 0 3.75 7.5 11.25
3980 -11.25 -7.5 -3.75 0 3.75 7.5 11.25
4000 -11.25 -7.5 -3.75 0 3.75 7.5 11.25
7240 -11.25 -7.5 -3.75 0 3.75 7.5 11.25
