-1.0 -11.25 -7.5 -3.75 0 3.75 7.5 11.25
753.53 -11.25 -7.5 -3.75 0 3.75 7.5 11.25
867.815 -11.25 -7.5 -3.75 0 3.75 7.5 11.25
896.387 -11.25 -7.5 -3.75 0 3.75 7.5 11.25
953.53 -11.25 -7.5 -3.75 0 3.75 7.5 11.25
1526.151 -11.25 -7.5 -3.75 0 3.75 7.5 11.25
1583.294 -11.25 -7.5 -3.75 0 3.75 7.5 11.25
1611.865 -11.25 -7.5 -3.75 0 3.75 7.5 11.25
1726.151 -11.25 -7.5 -3.75 0 3.75 7.5 11.25
3190.617 -11.25 -7.5 -3.75 0 3.75 7.5 11.25
3303.117 -11.25 -7.5 -3.75 0 3.75 7.5 11.25
3331.242 -11.25 -7.5 -3.75 0 3.75 7.5 11.25
3387.492 -11.25 -7.5 -3.75 0 3.75 7.5 11.25
3415.617 -11.25 -7.5 -3.75 0 3.75 7.5 11.25
3736.519 -11.25 -7.5 -3.75 0 3.75 7.5 11.25
3764.644 -11.25 -7.5 -3.75 0 3.75 7.5 11.25
3820.894 -11.25 -7.5 -3.75 0 3.75 7.5 11.25
3849.019 -11.25 -7.5 -3.75 0 3.75 7.5 11.25
3961.519 -11.25 -7.5 -3.75 0 3.75 7.5 11.25
7247.411 -11.25 -7.5 -3.75 0 3.75 7.5 11.25
