-102.669075534 -33.9551345383
-97.0423815426 30.8645319614
-59.2002761241 -30.9747075924
-47.6081226918 31.305834569
-7.44355476626 -33.2353411494
6.48003076139 31.7217829899
42.5163052186 -31.9737688224
59.4190517506 30.2940668877
95.4952921043 -31.8434983969
105.549420641 33.653251685
148.147028331 -31.4536180215
156.773736036 30.4209425878
194.977214889 -32.4389283228
204.799585752 31.3160948079
244.213048418 -32.9822922345
251.346694951 32.0777377957
292.839960598 -31.1043186978
300.531085514 34.7415661247
344.278491555 -30.8992415082
352.660098055 31.7486230335
396.640458677 -32.7567666778
402.353607861 32.9091730699
444.946867231 -32.4388600155
457.45617073 31.3771733718
494.121128304 -31.4618136423
501.361450676 34.1472256991
547.623479038 -32.5017511657
553.094976037 34.3708988427
593.514230776 -31.0437090498
602.956128181 31.3099668304
642.939036106 -30.9009829712
655.519677318 30.8967828117
690.146947652 -34.022872117
700.934736313 31.3292919554
746.593894973 -33.808394635
756.899656378 32.5595573579
792.567460175 -31.8425308527
804.823419878 31.1851825032
842.31483773 -33.5206342694
851.842774575 30.5546243418
890.445770653 -32.2927701063
905.155963005 30.8992923079
940.370919072 -32.1562692619
953.161280206 31.7687514713
996.030782725 -33.3219155909
1006.28588506 32.1212863676
1043.18038304 -33.1204224448
1057.12740522 30.9630409683
1094.32803924 -33.7395217157
1104.54798176 34.9357971166
1143.07401342 -31.57860077
1158.33531422 33.5496845983
1191.81487412 -33.3120426128
1202.33831938 34.2638754699
1241.1602273 -34.5713570386
1257.62466373 32.012028614
1298.67489462 -34.1135402056
1304.31981165 32.3224713103
1345.43092491 -30.5960461734
1356.07392855 32.508424831
1395.49823927 -30.5267675478
1409.47181323 30.9602099434
1449.6504508 -34.2783789467
1456.28330591 33.7282029563
1493.68619115 -30.8610812571
1504.88921673 30.8070676979
1541.8119948 -31.3112107089
1552.40547644 33.0475853359
1597.34928653 -32.7838287893
1607.89635039 32.9032786899
1647.84206842 -32.4579238258
1654.69824392 32.3722554443
1697.10788286 -32.1514332424
1705.20266125 32.5423532982
1748.02234042 -32.0684106111
1752.7583492 33.4677051679
1791.21590964 -31.3152956898
1803.72021804 30.3629511029
1845.44534269 -31.9294567402
1851.60039803 31.4879261035
1892.95321902 -31.9717750164
1908.56935204 31.4788275258
1944.01259194 -33.4160071304
1956.65507764 32.4006572708
1994.34629815 -30.39489597
2001.61186844 31.3034135754
2042.51070891 -32.481261784
2053.35542859 31.6889495877
2091.77694957 -34.4554064412
2106.06861233 30.3548365289
2140.05460208 -32.2048027555
2158.63846793 32.197232073
2196.42294785 -33.9721722483
2202.27068429 30.943372697
2240.64819942 -33.6583030248
2253.48129779 33.4826802579
2290.61409022 -30.3759535998
2300.6214247 33.1120628234
2342.55529938 -31.1711248001
2350.84311149 33.4525474547
2392.16815638 -34.9168346347
2403.05767896 33.117524411
2441.07227638 -31.1560988605
2455.5126967 33.2769713408
2492.09890136 -33.0805750391
2500.73226751 31.4059365663
2546.70461733 -32.6523125281
2550.36596915 33.3720056116
2592.13336825 -33.7248775234
2603.0831172 34.1459549958
2647.47171407 -33.5999773717
2650.93901734 34.4002808749
2690.02696742 -33.9146504929
2709.42745495 30.7946895529
2742.13037722 -31.1776365185
2753.17630265 30.8627186774
2798.53631303 -31.2648659548
2803.92849998 34.7011390187
2844.11996036 -32.8793884303
2852.28986673 31.307891215
2890.70098782 -34.3787498746
2900.24559022 33.883763515
2942.28696873 -34.87152565
2959.7029441 31.0428241048
2991.62601504 -30.4254289573
3001.38038296 33.8701931255
3046.18436636 -31.7113005237
3053.38507956 31.5215056735
3094.03089231 -34.7030845247
3108.76282544 31.5721258515
3143.86984232 -34.6857510141
3157.43307651 33.6198420845
3197.34101452 -30.9973586989
3206.7838397 30.2955925675
3241.43470845 -32.4718691172
3255.75871453 31.2376027898
3293.60122859 -31.442852582
3303.46876974 32.4039291742
3347.60922289 -30.0263618012
3357.99432536 34.70835587
3396.25963975 -31.7873547437
3404.55330972 31.822315896
3446.22854735 -34.1966957851
3452.30475589 31.8565198003
3492.59132948 -33.7168762871
3505.75830182 30.3921758046
3545.90697628 -34.7632683941
3554.93035501 30.5834796046
3597.07945787 -32.1673790112
3606.22883311 32.7884072113
3647.84886984 -31.3516059877
3659.75902857 34.969176157
3698.50590703 -30.9036729625
3705.74324098 30.6783271652
3745.41845815 -31.3265280213
3750.98393306 34.8545307215
3791.57153947 -34.362383922
3809.18835203 34.4428736455
3843.31929552 -32.5973332284
3858.61396478 32.2435927672
3893.26374082 -34.527724698
3900.32336138 30.1050126076
3947.67675197 -30.4845081068
3951.69999658 34.0004326701
3993.26447371 -32.1857404946
4006.00467056 32.4830102424
4049.00364297 -30.4604863147
4056.48893568 33.7936564766
4094.6102149 -33.1197551977
4108.93836641 31.7834462865
4141.27041916 -31.8616776837
4158.66433004 32.6730690412
4195.42478182 -33.6389941724
4206.90498492 31.7911258445
4246.64712625 -30.276798368
4257.87885736 34.3157382311
4296.70073571 -33.1195329718
4301.13319664 33.455402688
4347.16183346 -32.5755555392
4357.06162401 30.3260107641
4398.5692555 -34.7496145498
4403.91457742 32.7866642942
4444.94970445 -33.7826677208
4451.72048405 31.5507440481
4498.36432877 -32.8383006634
4504.77523152 30.364750308
4540.80918357 -31.6117636483
4554.62456306 32.3260330899
4593.71552199 -33.7115226475
4605.08589286 30.5815738454
4644.24005574 -34.3672336769
4652.57039107 32.2528883001
4692.3204166 -34.8377172474
4709.84224962 34.8165377452
4747.73378023 -32.864548641
4754.38969093 34.1003886697
4793.46247262 -31.7769357678
4808.50580856 34.2492964167
4844.93593198 -30.1433910265
4859.61519148 30.9462570064
4890.44621421 -34.8641110248
4900.75877006 30.9400198074
4940.24802969 -32.8913866221
4955.91820217 34.9385296002
4994.00728133 -33.2513746494
5007.9240134 30.3585991526
5046.0516437 -33.5516627105
5053.58595306 30.3569752313
5099.42558663 -31.2945985686
5105.5475569 33.9358121451
5144.64218641 -33.4057889511
5158.91693942 34.6395186757
5198.2632659 -30.0617108798
5208.36402511 34.0856644709
5248.42219333 -32.2885398288
5256.16361794 32.9029778833
5297.92498927 -34.160586755
5309.18285983 32.9431470775
5349.05419971 -34.288356942
5355.2891329 30.7827741058
5394.7785242 -34.3393780183
5405.86387728 34.385565946
5441.76973038 -33.5013192554
5459.8741921 32.3073384295
5495.33040709 -32.722023112
5505.28157655 34.2782936238
5544.47272962 -30.4823944063
5557.70706522 31.5991105078
5596.13505785 -31.214482524
5603.67290222 34.2956613214
5641.05820402 -30.3945413515
5654.33420388 31.4555099148
5697.64561553 -32.9301592275
5702.78210624 31.3618908627
5747.71597029 -34.2910461435
5753.88879949 34.9873945649
5795.42493769 -31.120149328
5800.27709736 33.2767084981
5844.41302029 -33.8468643334
5855.08972162 30.1298310564
5899.92320766 -32.0134777641
5904.14289086 30.3821320764
5943.21042702 -34.5223922808
5952.3070277 33.093546418
5995.11000181 -33.6794606597
6009.33277808 32.1574619568
6046.5768983 -33.9685592845
6059.00399201 33.912131526
6096.86434067 -32.6262826379
6106.06295272 33.6362830715
6143.68288595 -34.368540353
6153.18351027 33.5376121656
6192.59375906 -34.0387303199
6201.57677169 33.9082104007
6240.97631754 -33.1706365312
6255.77630905 33.976808283
6295.95936312 -30.8428195913
6304.83735889 33.1345660111
6340.21612737 -32.2775034202
6352.81327975 30.615231862
6396.4531184 -32.4584895654
6400.25471544 30.8208024506
6441.05953761 -32.8429262594
6457.64464819 31.1694544731
6494.29439559 -33.9779045982
6507.55130247 30.7494924024
6540.77357976 -33.6194708072
6556.38568651 33.8429774189
6596.56781271 -31.7658580944
6608.1754161 33.5764667411
6645.64009405 -32.0372432976
6657.28043347 33.9846236739
6698.43888038 -34.1001281477
6708.92054377 32.9393139647
6746.101812 -31.2495613323
6757.1419548 33.3628130142
6795.74046537 -30.3630191124
6800.08389918 32.02117438
6847.99683949 -30.3639086021
6850.44434786 34.4174225579
6896.92737321 -34.9537561092
6905.79498415 32.7724317398
6940.04959052 -30.9439903008
6954.02906264 31.1955101323
6996.04498617 -34.0253651608
7005.50499159 32.8299555711
7045.8803025 -30.2629968736
7056.65583784 31.5021608916
7090.11507939 -30.9664034752
7103.39954144 32.0692410376
7149.29258885 -33.6800518312
7150.42743602 34.6160298098
7192.54450511 -32.0094389437
7205.6537755 30.8797552448
7241.5323275 -30.9092295746
7252.59085875 32.5125632823
7299.07230134 -31.4196050301
7304.86171016 31.6598305789
