0 0
17.6973 9.3169
35.3946 18.6338
53.0920 27.9507
70.7893 37.2676
88.4866 46.5845
106.1839 55.9014
123.8813 65.2183
141.5786 74.5353
159.2741 83.8556
176.9635 93.1875
194.6420 102.5401
212.3050 111.9220
229.9476 121.3420
247.5651 130.8090
265.1526 140.3316
282.7050 149.9186
300.2175 159.5785
317.6847 169.3200
335.1014 179.1515
352.4621 189.0814
369.7613 199.1181
386.9933 209.2699
404.1521 219.5447
421.2317 229.9508
438.2258 240.4959
455.1278 251.1878
471.9313 262.0341
488.6291 273.0422
505.2142 284.2194
521.6792 295.5728
538.0165 307.1093
554.2181 318.8355
570.2758 330.7579
586.1814 342.8826
601.9259 355.2156
617.5005 367.7625
632.8959 380.5287
648.1024 393.5193
663.1102 406.7389
677.9091 420.1919
692.4887 433.8823
706.8381 447.8137
720.9463 461.9893
734.8020 476.4118
748.3935 491.0836
761.7087 506.0065
774.7357 521.1817
787.4617 536.6100
799.8771 552.2895
811.9764 568.2141
823.7549 584.3775
835.2077 600.7732
846.3303 617.3947
857.1184 634.2352
867.5674 651.2882
877.6734 668.5467
887.4322 686.0039
896.8399 703.6527
905.8927 721.4862
914.5872 739.4971
922.9196 757.6783
930.8869 776.0226
938.4856 794.5224
945.7129 813.1706
952.5658 831.9595
959.0415 850.8818
965.1376 869.9297
970.8515 889.0958
976.1809 908.3723
981.1238 927.7515
985.6782 947.2257
989.8421 966.7871
993.6141 986.4279
996.9925 1006.1401
999.9760 1025.9160
1002.5634 1045.7476
1004.7542 1065.6269
1006.5540 1085.5454
1007.9720 1105.4948
1009.0176 1125.4672
1009.7005 1145.4553
1010.0304 1165.4523
1010.0173 1185.4520
1009.6711 1205.4488
1009.0019 1225.4374
1008.0200 1245.4131
1006.7355 1265.3716
1005.1586 1285.3092
1003.2997 1305.2225
1001.1691 1325.1085
998.7772 1344.9648
996.1341 1364.7893
993.2504 1384.5801
990.1361 1404.3361
986.8018 1424.0561
983.2575 1443.7394
979.5136 1463.3858
975.5801 1482.9951
971.4674 1502.5676
967.1854 1522.1038
962.7442 1541.6044
958.1540 1561.0705
953.4246 1580.5032
948.5660 1599.9040
943.5881 1619.2746
938.5007 1638.6168
933.3138 1657.9324
928.0370 1677.2237
922.6801 1696.4930
917.2529 1715.7425
911.7650 1734.9748
906.2260 1754.1925
900.6457 1773.3982
895.0336 1792.5947
889.3994 1811.7847
883.7526 1830.9710
878.1024 1850.1563
872.4521 1869.3415
866.8018 1888.5268
861.1515 1907.7121
855.5012 1926.8973
849.8509 1946.0826
844.2006 1965.2678
838.5503 1984.4531
832.9000 2003.6383
827.2497 2022.8236
821.5994 2042.0089
815.9491 2061.1941
810.2988 2080.3794
804.6485 2099.5646
798.9982 2118.7499
793.3479 2137.9352
787.6976 2157.1204
782.0473 2176.3057
776.3970 2195.4909
770.7467 2214.6762
765.0964 2233.8614
759.4461 2253.0467
753.7970 2272.2323
748.1609 2291.4217
742.5561 2310.6203
737.0008 2329.8333
731.5131 2349.0657
726.1114 2368.3224
720.8141 2387.6081
715.6396 2406.9270
710.6063 2426.2833
705.7331 2445.6804
701.0385 2465.1216
696.5415 2484.6093
692.2609 2504.1458
688.2159 2523.7323
684.4257 2543.3697
680.9095 2563.0580
677.6866 2582.7965
674.7766 2602.5834
672.1989 2622.4164
669.9731 2642.2918
668.1187 2662.2054
666.6553 2682.1514
665.6023 2702.1233
664.9791 2722.1132
664.8049 2742.1120
665.0987 2762.1094
665.8794 2782.0936
667.1652 2802.0517
668.9743 2821.9691
671.3242 2841.8299
674.2319 2861.6167
677.7138 2881.3106
681.7853 2900.8910
686.4559 2920.3372
691.7225 2939.6305
697.5801 2958.7526
704.0232 2977.6855
711.0458 2996.4112
718.6411 3014.9120
726.8020 3033.1704
735.5207 3051.1691
744.7890 3068.8910
754.5982 3086.3194
764.9389 3103.4378
775.8013 3120.2299
787.1751 3136.6800
799.0497 3152.7723
811.4137 3168.4917
824.2555 3183.8233
837.5590 3198.7560
851.2996 3213.2876
865.4517 3227.4189
879.9906 3241.1518
894.8926 3254.4900
910.1347 3267.4383
925.6947 3280.0027
941.5516 3292.1905
957.6849 3304.0099
974.0753 3315.4702
990.7043 3326.5816
1007.5543 3337.3549
1024.6085 3347.8021
1041.8510 3357.9355
1059.2667 3367.7682
1076.8414 3377.3140
1094.5615 3386.5870
1112.4144 3395.6020
1130.3879 3404.3740
1148.4706 3412.9185
1166.6519 3421.2515
1184.9214 3429.3890
1203.2697 3437.3476
1221.6875 3445.1438
1240.1662 3452.7947
1258.6976 3460.3172
1277.2736 3467.7285
1295.8869 3475.0462
1314.5299 3482.2875
1333.1956 3489.4701
1351.8772 3496.6116
1370.5676 3503.7296
1389.2607 3510.8409
1407.9537 3517.9521
1426.6468 3525.0634
1445.3398 3532.1746
1464.0329 3539.2859
1482.7259 3546.3971
1501.4190 3553.5084
1520.1120 3560.6196
1538.8051 3567.7308
1557.4981 3574.8421
1576.1912 3581.9533
1594.8842 3589.0646
1613.5773 3596.1758
1632.2703 3603.2870
1650.9634 3610.3983
1669.6562 3617.5103
1688.3324 3624.6655
1706.9825 3631.8886
1725.6063 3639.1794
1744.2033 3646.5380
1762.7735 3653.9641
1781.3166 3661.4577
1799.8323 3669.0186
1818.3204 3676.6469
1836.7806 3684.3423
1855.2128 3692.1048
1873.6165 3699.9343
1891.9917 3707.8306
1910.3381 3715.7937
1928.6553 3723.8235
1946.9433 3731.9198
1965.2017 3740.0826
1983.4302 3748.3117
2001.6288 3756.6071
2019.7970 3764.9686
2037.9348 3773.3960
2056.0417 3781.8894
2074.1177 3790.4486
2092.1624 3799.0734
2110.1756 3807.7638
2128.1571 3816.5197
2146.1067 3825.3409
2164.0240 3834.2273
2181.9090 3843.1787
2199.7612 3852.1952
2217.5806 3861.2765
2235.3668 3870.4226
2253.1196 3879.6333
2270.8388 3888.9084
2288.5242 3898.2480
2306.1755 3907.6517
2323.7925 3917.1197
2341.3749 3926.6516
2358.9226 3936.2474
2376.4352 3945.9069
2393.9126 3955.6300
2411.3546 3965.4167
2428.7608 3975.2667
2446.1311 3985.1799
2463.4653 3995.1562
2480.7630 4005.1955
2498.0241 4015.2977
2515.2484 4025.4625
2532.4356 4035.6899
2549.5855 4045.9797
2566.6979 4056.3318
2583.7725 4066.7461
2600.8091 4077.2224
2617.8075 4087.7606
2634.7675 4098.3605
2651.6889 4109.0221
2668.5713 4119.7451
2685.4146 4130.5294
2702.2187 4141.3749
2718.9831 4152.2814
2735.7078 4163.2488
2752.3925 4174.2769
2769.0370 4185.3657
2785.6411 4196.5149
2802.2045 4207.7244
2818.7270 4218.9941
2835.2085 4230.3238
2851.6486 4241.7133
2868.0472 4253.1625
2884.4041 4264.6713
2900.7190 4276.2395
2916.9917 4287.8670
2933.2221 4299.5535
2949.4098 4311.2990
2965.5548 4323.1033
2981.6567 4334.9662
2997.7153 4346.8875
3013.7305 4358.8672
3029.7020 4370.9051
3045.6297 4383.0009
3061.5132 4395.1546
3077.3525 4407.3660
3093.1472 4419.6349
3108.8973 4431.9611
3124.6024 4444.3445
3140.2623 4456.7850
3155.8770 4469.2823
3171.4461 4481.8363
3186.9694 4494.4469
3202.4467 4507.1138
3217.8779 4519.8369
3233.2628 4532.6160
3248.6010 4545.4510
3263.8925 4558.3417
3279.1371 4571.2880
3294.3344 4584.2895
3309.4843 4597.3462
3324.5867 4610.4580
3339.6413 4623.6246
3354.6479 4636.8458
3369.6064 4650.1215
3384.5165 4663.4515
3399.3780 4676.8357
3414.1907 4690.2738
3428.9545 4703.7656
3443.6691 4717.3111
3458.3343 4730.9100
3472.9500 4744.5621
3487.5160 4758.2673
3502.0320 4772.0254
3516.4979 4785.8361
3530.9135 4799.6994
3545.2786 4813.6150
3559.5930 4827.5827
3573.8565 4841.6025
3588.0689 4855.6739
3602.2301 4869.7970
3616.3398 4883.9715
3630.3983 4898.1968
3644.4365 4912.4420
3658.4748 4926.6872
3672.5131 4940.9325
3686.5514 4955.1777
3700.5897 4969.4229
3714.6280 4983.6681
3728.6663 4997.9134
3742.7046 5012.1586
3756.7429 5026.4038
