HINTCAD5.8_SUP_SHUJU
-3.00 -2.00 -2.00 -1.000 -2.00 -2.00 -3.00
-3.00 -2.00 -2.00 634.078 -2.00 -2.00 -3.00
9999.00 9999.00 9999.00 748.364 -2.00 -2.00 9999.00
9999.00 9999.00 9999.00 776.935 9999.00 9999.00 -3.00
-3.00 5.00 5.00 834.078 -5.00 -5.00 -5.00
-3.00 5.00 5.00 1274.147 -5.00 -5.00 -5.00
9999.00 9999.00 9999.00 1331.290 9999.00 9999.00 -3.00
9999.00 9999.00 9999.00 1359.862 -2.00 -2.00 9999.00
-3.00 -2.00 -2.00 1474.147 -2.00 -2.00 -3.00
-3.00 -2.00 -2.00 2052.740 -2.00 -2.00 -3.00
9999.00 -2.00 -2.00 2172.740 9999.00 9999.00 9999.00
-3.00 9999.00 9999.00 2202.740 9999.00 9999.00 9999.00
-4.00 -4.00 -4.00 2232.740 4.00 4.00 -3.00
-4.00 -4.00 -4.00 2793.195 4.00 4.00 -3.00
-3.00 9999.00 9999.00 2823.195 9999.00 9999.00 9999.00
9999.00 -2.00 -2.00 2853.195 9999.00 9999.00 9999.00
-3.00 -2.00 -2.00 2973.195 -2.00 -2.00 -3.00
-3.00 -2.00 -2.00 3286.702 -2.00 -2.00 -3.00
9999.00 9999.00 9999.00 3406.702 -2.00 -2.00 9999.00
-3.00 3.00 3.00 3436.702 -3.00 -3.00 -3.00
-3.00 3.00 3.00 4419.067 -3.00 -3.00 -3.00
9999.00 9999.00 9999.00 4449.067 -2.00 -2.00 9999.00
-3.00 -2.00 -2.00 4569.067 -2.00 -2.00 -3.00
-3.00 -2.00 -2.00 5135.429 -2.00 -2.00 -3.00
