       20.000  15.2716  12.9143
       40.000  30.5432  25.8286
       60.000  45.8148  38.7428
       80.000  61.0864  51.6571
      100.000  76.3579  64.5714
      120.000  91.6295  77.4857
      140.000  106.9011  90.3999
      160.000  122.1727  103.3142
      180.000  137.4443  116.2285
      200.000  152.7159  129.1428
      220.000  167.9875  142.0571
      240.000  183.2591  154.9713
      260.000  198.5307  167.8856
      280.000  213.8022  180.7999
      300.000  229.0738  193.7142
      320.000  244.3454  206.6284
      340.000  259.6170  219.5427
      360.000  274.8886  232.4570
      380.000  290.1602  245.3713
      400.000  305.4318  258.2856
      420.000  320.7034  271.1998
      440.000  335.9750  284.1141
      460.000  351.2465  297.0284
      480.000  366.5181  309.9427
      500.000  381.7897  322.8570
      520.000  397.0613  335.7712
      540.000  412.3329  348.6855
      560.000  427.6045  361.5998
      580.000  442.8761  374.5141
      600.000  458.1477  387.4283
      620.000  473.4193  400.3426
      640.000  488.6907  413.2570
      660.000  503.9531  426.1823
      680.000  519.1818  439.1470
      700.000  534.3509  452.1815
      720.000  549.4336  465.3157
      740.000  564.4030  478.5791
      760.000  579.2310  492.0001
      780.000  593.8888  505.6069
      800.000  608.3465  519.4260
      820.000  622.5728  533.4830
      840.000  636.5354  547.8020
      860.000  650.2106  562.3957
      880.000  663.5912  577.2600
      900.000  676.6718  592.3889
      920.000  689.4473  607.7763
      940.000  701.9125  623.4162
      960.000  714.0624  639.3022
      980.000  725.8922  655.4281
     1000.000  737.3971  671.7873
     1020.000  748.5726  688.3733
     1040.000  759.4141  705.1795
     1060.000  769.9173  722.1991
     1080.000  780.0781  739.4254
     1100.000  789.8924  756.8515
     1120.000  799.3562  774.4703
     1140.000  808.4657  792.2749
     1160.000  817.2174  810.2581
     1180.000  825.6076  828.4127
     1200.000  833.6331  846.7315
     1220.000  841.2907  865.2071
     1240.000  848.5772  883.8322
     1260.000  855.4898  902.5992
     1280.000  862.0259  921.5007
     1300.000  868.1961  940.5249
     1320.000  874.0340  959.6536
     1340.000  879.5764  978.8701
     1360.000  884.8606  998.1593
     1380.000  889.9242  1017.5076
     1400.000  894.8055  1036.9027
     1420.000  899.5428  1056.3335
     1440.000  904.1749  1075.7897
     1460.000  908.7405  1095.2616
     1480.000  913.2784  1114.7400
     1500.000  917.8139  1134.2189
     1520.000  922.3495  1153.6979
     1540.000  926.8851  1173.1768
     1560.000  931.4207  1192.6557
     1580.000  935.9563  1212.1346
     1600.000  940.4918  1231.6136
     1620.000  945.0274  1251.0925
     1640.000  949.5630  1270.5714
     1660.000  954.0986  1290.0503
     1680.000  958.6342  1309.5293
     1700.000  963.1697  1329.0082
     1720.000  967.7053  1348.4871
     1740.000  972.2409  1367.9660
     1760.000  976.7765  1387.4450
     1780.000  981.3121  1406.9239
     1800.000  985.8477  1426.4028
     1820.000  990.3832  1445.8817
     1840.000  994.9188  1465.3607
     1860.000  999.4544  1484.8396
     1880.000  1003.9900  1504.3185
     1900.000  1008.5256  1523.7974
     1920.000  1013.0611  1543.2764
     1940.000  1017.5967  1562.7553
     1960.000  1022.1323  1582.2342
     1980.000  1026.6679  1601.7131
     2000.000  1031.2035  1621.1921
     2020.000  1035.7390  1640.6710
     2040.000  1040.2748  1660.1499
     2060.000  1044.8212  1679.6263
     2080.000  1049.4029  1699.0944
     2100.000  1054.0459  1718.5480
     2120.000  1058.7761  1737.9805
     2140.000  1063.6193  1757.3852
     2160.000  1068.6011  1776.7548
     2180.000  1073.7471  1796.0814
     2200.000  1079.0825  1815.3565
     2220.000  1084.6325  1834.5708
     2240.000  1090.4217  1853.7145
     2260.000  1096.4646  1872.7796
     2280.000  1102.7611  1891.7624
     2300.000  1109.3102  1910.6596
     2320.000  1116.1106  1929.4678
     2340.000  1123.1612  1948.1837
     2360.000  1130.4607  1966.8038
     2380.000  1138.0078  1985.3251
     2400.000  1145.8012  2003.7440
     2420.000  1153.8395  2022.0574
     2440.000  1162.1212  2040.2620
     2460.000  1170.6449  2058.3545
     2480.000  1179.4091  2076.3318
     2500.000  1188.4122  2094.1906
     2520.000  1197.6526  2111.9279
     2540.000  1207.1287  2129.5403
     2560.000  1216.8388  2147.0248
     2580.000  1226.7811  2164.3784
     2600.000  1236.9539  2181.5978
     2620.000  1247.3554  2198.6800
     2640.000  1257.9837  2215.6221
     2660.000  1268.8370  2232.4209
     2680.000  1279.9132  2249.0735
     2700.000  1291.2105  2265.5770
     2720.000  1302.7269  2281.9284
     2740.000  1314.4602  2298.1248
     2760.000  1326.4085  2314.1633
     2780.000  1338.5695  2330.0410
     2800.000  1350.9410  2345.7554
     2820.000  1363.5129  2361.3099
     2840.000  1376.2636  2376.7182
     2860.000  1389.1709  2391.9955
     2880.000  1402.2135  2407.1576
     2900.000  1415.3701  2422.2209
     2920.000  1428.6200  2437.2022
     2940.000  1441.9429  2452.1186
     2960.000  1455.3186  2466.9877
     2980.000  1468.7272  2481.8272
     3000.000  1482.1489  2496.6548
     3020.000  1495.5716  2511.4814
     3040.000  1508.9943  2526.3081
     3060.000  1522.4171  2541.1348
     3080.000  1535.8398  2555.9615
     3100.000  1549.2625  2570.7882
     3120.000  1562.6852  2585.6149
     3140.000  1576.1079  2600.4416
     3160.000  1589.5306  2615.2683
     3180.000  1602.9533  2630.0950
     3200.000  1616.3760  2644.9217
     3220.000  1629.7987  2659.7484
     3240.000  1643.2214  2674.5751
     3260.000  1656.6402  2689.4053
     3280.000  1670.0418  2704.2512
     3300.000  1683.4111  2719.1260
     3320.000  1696.7333  2734.0430
     3340.000  1709.9933  2749.0154
     3360.000  1723.1757  2764.0561
     3380.000  1736.2652  2779.1778
     3400.000  1749.2460  2794.3928
     3420.000  1762.1021  2809.7133
     3440.000  1774.8172  2825.1510
     3460.000  1787.3789  2840.7138
     3480.000  1799.7843  2856.4015
     3500.000  1812.0322  2872.2124
     3520.000  1824.1214  2888.1450
     3540.000  1836.0506  2904.1977
     3560.000  1847.8188  2920.3689
     3580.000  1859.4246  2936.6570
     3600.000  1870.8670  2953.0603
     3620.000  1882.1448  2969.5772
     3640.000  1893.2569  2986.2061
     3660.000  1904.2021  3002.9452
     3680.000  1914.9793  3019.7930
     3700.000  1925.5876  3036.7476
     3720.000  1936.0258  3053.8076
     3740.000  1946.2929  3070.9710
     3760.000  1956.3878  3088.2363
     3780.000  1966.3096  3105.6016
     3800.000  1976.0572  3123.0653
     3820.000  1985.6297  3140.6256
     3840.000  1995.0261  3158.2807
     3860.000  2004.2455  3176.0290
     3880.000  2013.2870  3193.8685
     3900.000  2022.1496  3211.7975
     3920.000  2030.8325  3229.8143
     3940.000  2039.3348  3247.9170
     3960.000  2047.6556  3266.1038
     3980.000  2055.7942  3284.3729
     4000.000  2063.7496  3302.7225
     4020.000  2071.5212  3321.1507
     4040.000  2079.1081  3339.6557
     4060.000  2086.5096  3358.2357
     4080.000  2093.7249  3376.8887
     4100.000  2100.7533  3395.6130
     4120.000  2107.5942  3414.4066
     4140.000  2114.2467  3433.2677
     4160.000  2120.7104  3452.1943
     4180.000  2126.9844  3471.1847
     4200.000  2133.0682  3490.2368
     4220.000  2138.9612  3509.3488
     4240.000  2144.6628  3528.5188
     4260.000  2150.1724  3547.7449
     4280.000  2155.4895  3567.0251
     4300.000  2160.6135  3586.3574
     4320.000  2165.5439  3605.7401
     4340.000  2170.2803  3625.1711
     4360.000  2174.8221  3644.6485
     4380.000  2179.1689  3664.1703
     4400.000  2183.3203  3683.7346
     4420.000  2187.2758  3703.3395
     4440.000  2191.0389  3722.9822
     4460.000  2194.6259  3742.6578
     4480.000  2198.0564  3762.3614
     4500.000  2201.3497  3782.0884
     4520.000  2204.5256  3801.8346
     4540.000  2207.6036  3821.5963
     4560.000  2210.6034  3841.3700
     4580.000  2213.5449  3861.1525
     4600.000  2216.4477  3880.9407
     4620.000  2219.3316  3900.7317
     4640.000  2222.2127  3920.5231
     4660.000  2225.0938  3940.3145
     4680.000  2227.9749  3960.1059
     4700.000  2230.8559  3979.8973
     4720.000  2233.7370  3999.6887
     4740.000  2236.6181  4019.4801
     4760.000  2239.4992  4039.2715
     4780.000  2242.3803  4059.0629
     4800.000  2245.2613  4078.8543
     4820.000  2248.1424  4098.6457
     4840.000  2251.0235  4118.4371
     4860.000  2253.9046  4138.2285
     4880.000  2256.7857  4158.0199
     4900.000  2259.6667  4177.8113
     4920.000  2262.5478  4197.6027
     4940.000  2265.4289  4217.3941
     4960.000  2268.3100  4237.1855
     4980.000  2271.1910  4256.9769
     5000.000  2274.0721  4276.7683
     5020.000  2276.9532  4296.5597
     5040.000  2279.8343  4316.3510
     5060.000  2282.7154  4336.1424
     5080.000  2285.5964  4355.9338
     5100.000  2288.4775  4375.7252
     5120.000  2291.3586  4395.5166
