    PART-1-1       16535      16005        0.0
    PART-1-1       16535      16007        0.0
    PART-1-1       16535      16505        0.0
    PART-1-1       16535      16507        0.0
    PART-1-1       16035      15505        0.0
    PART-1-1       16035      15507        0.0
    PART-1-1       16035      16005        0.0
    PART-1-1       16035      16007        0.0
    PART-1-1       15535      15005        0.0
    PART-1-1       15535      15007        0.0
    PART-1-1       15535      15505        0.0
    PART-1-1       15535      15507        0.0
    PART-1-1       15035      14505        0.0
    PART-1-1       15035      14507        0.0
    PART-1-1       15035      15005        0.0
    PART-1-1       15035      15007        0.0
    PART-1-1       14535      14005        0.0
    PART-1-1       14535      14007        0.0
    PART-1-1       14535      14505        0.0
    PART-1-1       14535      14507        0.0
    PART-1-1       14035      13505        0.0
    PART-1-1       14035      13507        0.0
    PART-1-1       14035      14005        0.0
    PART-1-1       14035      14007        0.0
    PART-1-1       13535      13005        0.0
    PART-1-1       13535      13007        0.0
    PART-1-1       13535      13505        0.0
    PART-1-1       13535      13507        0.0
    PART-1-1       16540      16003        0.0
    PART-1-1       16540      16005        0.0
    PART-1-1       16540      16503        0.0
    PART-1-1       16540      16505        0.0
    PART-1-1       16040      15503        0.0
    PART-1-1       16040      15505        0.0
    PART-1-1       16040      16003        0.0
    PART-1-1       16040      16005        0.0
    PART-1-1       15540      15003    24.E+03
    PART-1-1       15540      15005    24.E+03
    PART-1-1       15540      15503    24.E+03
    PART-1-1       15540      15505    24.E+03
    PART-1-1       15040      14503   147.E+03
    PART-1-1       15040      14505   147.E+03
    PART-1-1       15040      15003   147.E+03
    PART-1-1       15040      15005   147.E+03
    PART-1-1       14540      14003    57.E+03
    PART-1-1       14540      14005    57.E+03
    PART-1-1       14540      14503    57.E+03
    PART-1-1       14540      14505    57.E+03
    PART-1-1       14040      13503        0.0
    PART-1-1       14040      13505        0.0
    PART-1-1       14040      14003        0.0
    PART-1-1       14040      14005        0.0
    PART-1-1       13540      13003        0.0
    PART-1-1       13540      13005        0.0
    PART-1-1       13540      13503        0.0
    PART-1-1       13540      13505        0.0
    PART-1-1       16545      16002        0.0
    PART-1-1       16545      16003        0.0
    PART-1-1       16545      16502        0.0
    PART-1-1       16545      16503        0.0
    PART-1-1       16045      15502        0.0
    PART-1-1       16045      15503        0.0
    PART-1-1       16045      16002        0.0
    PART-1-1       16045      16003        0.0
    PART-1-1       15545      15002   241.E+03
    PART-1-1       15545      15003   241.E+03
    PART-1-1       15545      15502   241.E+03
    PART-1-1       15545      15503   241.E+03
    PART-1-1       15045      14502   359.E+03
    PART-1-1       15045      14503   359.E+03
    PART-1-1       15045      15002   359.E+03
    PART-1-1       15045      15003   359.E+03
    PART-1-1       14545      14002   282.E+03
    PART-1-1       14545      14003   282.E+03
    PART-1-1       14545      14502   282.E+03
    PART-1-1       14545      14503   282.E+03
    PART-1-1       14045      13502        0.0
    PART-1-1       14045      13503        0.0
    PART-1-1       14045      14002        0.0
    PART-1-1       14045      14003        0.0
    PART-1-1       13545      13002        0.0
    PART-1-1       13545      13003        0.0
    PART-1-1       13545      13502        0.0
    PART-1-1       13545      13503        0.0
    PART-1-1       16550      16001        0.0
    PART-1-1       16550      16002        0.0
    PART-1-1       16550      16501        0.0
    PART-1-1       16550      16502        0.0
    PART-1-1       16050      15501    90.E+03
    PART-1-1       16050      15502    90.E+03
    PART-1-1       16050      16001    90.E+03
    PART-1-1       16050      16002    90.E+03
    PART-1-1       15550      15001   260.E+03
    PART-1-1       15550      15002   260.E+03
    PART-1-1       15550      15501   260.E+03
    PART-1-1       15550      15502   260.E+03
    PART-1-1       15050      14501   296.E+03
    PART-1-1       15050      14502   296.E+03
    PART-1-1       15050      15001   296.E+03
    PART-1-1       15050      15002   296.E+03
    PART-1-1       14550      14001   313.E+03
    PART-1-1       14550      14002   313.E+03
    PART-1-1       14550      14501   313.E+03
    PART-1-1       14550      14502   313.E+03
    PART-1-1       14050      13501   141.E+03
    PART-1-1       14050      13502   141.E+03
    PART-1-1       14050      14001   141.E+03
    PART-1-1       14050      14002   141.E+03
    PART-1-1       13550      13001        0.0
    PART-1-1       13550      13002        0.0
    PART-1-1       13550      13501        0.0
    PART-1-1       13550      13502        0.0
    PART-1-1       16555      16001        0.0
    PART-1-1       16555      16501        0.0
    PART-1-1       16555     113001        0.0
    PART-1-1       16555     113501        0.0
    PART-1-1       16055      15501   194.E+03
    PART-1-1       16055      16001   194.E+03
    PART-1-1       16055     113501   194.E+03
    PART-1-1       16055     114001   194.E+03
    PART-1-1       15555      15001   279.E+03
    PART-1-1       15555      15501   279.E+03
    PART-1-1       15555     114001   279.E+03
    PART-1-1       15555     114501   279.E+03
    PART-1-1       15055      14501   295.E+03
    PART-1-1       15055      15001   295.E+03
    PART-1-1       15055     114501   295.E+03
    PART-1-1       15055     115001   295.E+03
    PART-1-1       14555      14001   335.E+03
    PART-1-1       14555      14501   335.E+03
    PART-1-1       14555     115001   335.E+03
    PART-1-1       14555     115501   335.E+03
    PART-1-1       14055      13501   229.E+03
    PART-1-1       14055      14001   229.E+03
    PART-1-1       14055     115501   229.E+03
    PART-1-1       14055     116001   229.E+03
    PART-1-1       13555      13001        0.0
    PART-1-1       13555      13501        0.0
    PART-1-1       13555     116001        0.0
    PART-1-1       13555     116501        0.0
    PART-1-1      113550     113001        0.0
    PART-1-1      113550     113002        0.0
    PART-1-1      113550     113501        0.0
    PART-1-1      113550     113502        0.0
    PART-1-1      114050     113501   132.E+03
    PART-1-1      114050     113502   132.E+03
    PART-1-1      114050     114001   132.E+03
    PART-1-1      114050     114002   132.E+03
    PART-1-1      114550     114001   272.E+03
    PART-1-1      114550     114002   272.E+03
    PART-1-1      114550     114501   272.E+03
    PART-1-1      114550     114502   272.E+03
    PART-1-1      115050     114501   291.E+03
    PART-1-1      115050     114502   291.E+03
    PART-1-1      115050     115001   291.E+03
    PART-1-1      115050     115002   291.E+03
    PART-1-1      115550     115001   306.E+03
    PART-1-1      115550     115002   306.E+03
    PART-1-1      115550     115501   306.E+03
    PART-1-1      115550     115502   306.E+03
    PART-1-1      116050     115501   124.E+03
    PART-1-1      116050     115502   124.E+03
    PART-1-1      116050     116001   124.E+03
    PART-1-1      116050     116002   124.E+03
    PART-1-1      116550     116001        0.0
    PART-1-1      116550     116002        0.0
    PART-1-1      116550     116501        0.0
    PART-1-1      116550     116502        0.0
    PART-1-1      113545     113002        0.0
    PART-1-1      113545     113003        0.0
    PART-1-1      113545     113502        0.0
    PART-1-1      113545     113503        0.0
    PART-1-1      114045     113502        0.0
    PART-1-1      114045     113503        0.0
    PART-1-1      114045     114002        0.0
    PART-1-1      114045     114003        0.0
    PART-1-1      114545     114002   279.E+03
    PART-1-1      114545     114003   279.E+03
    PART-1-1      114545     114502   279.E+03
    PART-1-1      114545     114503   279.E+03
    PART-1-1      115045     114502   361.E+03
    PART-1-1      115045     114503   361.E+03
    PART-1-1      115045     115002   361.E+03
    PART-1-1      115045     115003   361.E+03
    PART-1-1      115545     115002   265.E+03
    PART-1-1      115545     115003   265.E+03
    PART-1-1      115545     115502   265.E+03
    PART-1-1      115545     115503   265.E+03
    PART-1-1      116045     115502        0.0
    PART-1-1      116045     115503        0.0
    PART-1-1      116045     116002        0.0
    PART-1-1      116045     116003        0.0
    PART-1-1      116545     116002        0.0
    PART-1-1      116545     116003        0.0
    PART-1-1      116545     116502        0.0
    PART-1-1      116545     116503        0.0
    PART-1-1      113540     113003        0.0
    PART-1-1      113540     113005        0.0
    PART-1-1      113540     113503        0.0
    PART-1-1      113540     113505        0.0
    PART-1-1      114040     113503        0.0
    PART-1-1      114040     113505        0.0
    PART-1-1      114040     114003        0.0
    PART-1-1      114040     114005        0.0
    PART-1-1      114540     114003   120.E+03
    PART-1-1      114540     114005   120.E+03
    PART-1-1      114540     114503   120.E+03
    PART-1-1      114540     114505   120.E+03
    PART-1-1      115040     114503   178.E+03
    PART-1-1      115040     114505   178.E+03
    PART-1-1      115040     115003   178.E+03
    PART-1-1      115040     115005   178.E+03
    PART-1-1      115540     115003    32.E+03
    PART-1-1      115540     115005    32.E+03
    PART-1-1      115540     115503    32.E+03
    PART-1-1      115540     115505    32.E+03
    PART-1-1      116040     115503        0.0
    PART-1-1      116040     115505        0.0
    PART-1-1      116040     116003        0.0
    PART-1-1      116040     116005        0.0
    PART-1-1      116540     116003        0.0
    PART-1-1      116540     116005        0.0
    PART-1-1      116540     116503        0.0
    PART-1-1      116540     116505        0.0
    PART-1-1      113535     113005        0.0
    PART-1-1      113535     113007        0.0
    PART-1-1      113535     113505        0.0
    PART-1-1      113535     113507        0.0
    PART-1-1      114035     113505        0.0
    PART-1-1      114035     113507        0.0
    PART-1-1      114035     114005        0.0
    PART-1-1      114035     114007        0.0
    PART-1-1      114535     114005        0.0
    PART-1-1      114535     114007        0.0
    PART-1-1      114535     114505        0.0
    PART-1-1      114535     114507        0.0
    PART-1-1      115035     114505        0.0
    PART-1-1      115035     114507        0.0
    PART-1-1      115035     115005        0.0
    PART-1-1      115035     115007        0.0
    PART-1-1      115535     115005        0.0
    PART-1-1      115535     115007        0.0
    PART-1-1      115535     115505        0.0
    PART-1-1      115535     115507        0.0
    PART-1-1      116035     115505        0.0
    PART-1-1      116035     115507        0.0
    PART-1-1      116035     116005        0.0
    PART-1-1      116035     116007        0.0
    PART-1-1      116535     116005        0.0
    PART-1-1      116535     116007        0.0
    PART-1-1      116535     116505        0.0
    PART-1-1      116535     116507        0.0