9691.57  11153.7  727.64  9744.66  10965.09  768.539 
9700.081  11150.98  727.97  9741.26  10957.58  769.225 
9704.23  11148.92  728.0545  9736.76  10950.51  769.75 
9710.127  11144.38  728.609  9729.04  10947.1  770.252 
9723.109  11127.09  731.589  9716.69  10944.89  770.846 
9731.897  11117.61  732.711  9704.23  10943.53  771.461 
9743.13  11105.3  733.7545  9696.13  10944.29  771.826 
9749.273  11099.4  734.1325  9684.20  10946.7  772.516 
9756.816  11094.68  734.409  9675.55  10945.69  773.125 
9763.046  11092.02  734.4805  9668.73  10940.4  773.91 
9772.339  11084.02  735.1885  9664.14  10933.49  774.824 
9784.918  11069.41  737.1995  9661.70  10925.18  775.767 
9796.769  11056.82  739.506  9661.38  10916.7  776.788 
9798.094  11049.94  740.687  9662.61  10908.33  777.735 
9793.412  11044.87  741.45  9665.29  10900.42  778.79 
9786.29  11045.37  742.424  9669.04  10892.95  779.702 
9778.979  11049.1  743.193  9673.87  10886.07  780.612 
9771.539  11052.03  743.885  9680.26  10880.73  781.547 
9763.781  11053.8  744.541  9687.50  10876.83  782.469 
9751.155  11055.73  745.450  9699.23  10872.5  783.705 
9742.76  11056.29  746.079  9722.22  10864.01  786.027 
9729.902  11055.02  746.955  9738.02  10858.39  787.910 
9722.453  11050.98  747.69  9746.49  10856.81  788.775 
9720.527  11043.53  748.449  9754.85  10857.2  789.526 
9726.719  11038.2  749.524  9788.57  10862.22  792.332 
9730.905  11038.2  749.979  9804.62  10862.02  793.744 
9751.718  11039.48  751.853  9839.62  10856.42  797.187 
9764.222  11037.91  752.570  9851.85  10855.43  798.899 
9776.06  11033.38  753.000  9855.57  10853.94  799.46 
9782.962  11028.54  753.259  9857.95  10851.19  799.982 
9792.838  11020.01  753.980  9857.81  10847.78  800.379 
9797.366  11013.58  754.627  9853.02  10842.62  801.123 
9797.388  11006.02  755.601  9849.18  10841.9  801.418 
9794.508  11003.13  756.090  9824.83  10841.73  803.409 
9790.852  11001.76  756.55  9817.14  10839.1  803.994 
9782.704  11003.63  757.091  9810.77  10834.02  804.685 
9774.886  11006.58  757.545  9802.55  10824.94  805.710 
9762.813  11009.58  757.923  9793.74  10816.68  806.951 
9750.341  11010.54  758.212  9786.64  10812.5  807.864 
9742.182  11009.59  758.4675  9778.55  10810.05  808.829 
9735.629  11006  758.56  9770.28  10808.37  809.625 
9732.941  10998.66  7589.75  9762.20  10805.63  810.164 
9735.239  10994.84  760.162  9754.82  10801.68  810.654 
9742.552  10992.54  761.186  9730.09  10786.55  812.716 
9754.675  10992.05  762.684  9719.05  10780.95  813.956 
9766.235  10991.14  763.717  9711.24  10777.9  814.798 
9769.944  10989.71  764.070  9744.64  10965.09  768.539 
9772.369  10986.27  764.535  9741.23  10957.58  769.224 
9772.327  10982.12  765.114  9736.76  10950.51  769.75 
9766.077  10977.23  766.133  9729.04  10947.1  770.252 
9757.869  10975.29  766.939  9716.69  10944.89  770.846 
9750.093  10971.59  767.735  9704.23  10943.53  771.461 
