HINTCAD5.8_SUP_SHUJU
-3.00 -2.00 -2.00 -1.000 -2.00 -2.00 -3.00
-3.00 -2.00 -2.00 222.616 -2.00 -2.00 -3.00
9999.00 9999.00 9999.00 272.616 -2.00 -2.00 9999.00
9999.00 9999.00 9999.00 285.116 9999.00 9999.00 -3.00
9999.00 5.00 9999.00 310.116 9999.00 -5.00 -5.00
-3.00 5.00 6.00 322.616 -6.00 -5.00 -5.00
-3.00 5.00 6.00 507.288 -6.00 -5.00 -5.00
9999.00 5.00 9999.00 519.788 9999.00 -5.00 -5.00
9999.00 9999.00 9999.00 544.788 9999.00 9999.00 -3.00
9999.00 9999.00 9999.00 557.288 -2.00 -2.00 9999.00
-3.00 -2.00 -2.00 607.288 -2.00 -2.00 -3.00
-3.00 -2.00 -2.00 1166.661 -2.00 -2.00 -3.00
9999.00 -2.00 -2.00 1215.233 9999.00 9999.00 9999.00
-3.00 9999.00 9999.00 1227.376 9999.00 9999.00 9999.00
-5.00 -5.00 -5.00 1251.661 5.00 5.00 -3.00
-5.00 -5.00 -5.00 1406.947 5.00 5.00 -3.00
-3.00 9999.00 9999.00 1431.232 9999.00 9999.00 9999.00
9999.00 -2.00 -2.00 1443.375 9999.00 9999.00 9999.00
-3.00 -2.00 -2.00 1491.947 -2.00 -2.00 -3.00
-3.00 -2.00 -2.00 1883.915 -2.00 -2.00 -3.00
9999.00 9999.00 9999.00 1933.915 -2.00 -2.00 9999.00
9999.00 9999.00 9999.00 1946.415 9999.00 9999.00 -3.00
-3.00 4.00 4.00 1958.915 -4.00 -4.00 -4.00
-3.00 4.00 4.00 2188.034 -4.00 -4.00 -4.00
9999.00 9999.00 9999.00 2200.534 9999.00 9999.00 -3.00
9999.00 9999.00 9999.00 2213.034 -2.00 -2.00 9999.00
-3.00 -2.00 -2.00 2263.034 -2.00 -2.00 -3.00
-3.00 -2.00 -2.00 4312.362 -2.00 -2.00 -3.00
9999.00 9999.00 9999.00 4362.362 -2.00 -2.00 9999.00
9999.00 9999.00 9999.00 4374.862 9999.00 9999.00 -3.00
-3.00 4.00 4.00 4387.362 -4.00 -4.00 -4.00
-3.00 4.00 4.00 4718.599 -4.00 -4.00 -4.00
9999.00 9999.00 9999.00 4731.099 9999.00 9999.00 -3.00
9999.00 9999.00 9999.00 4743.599 -2.00 -2.00 9999.00
-3.00 -2.00 -2.00 4793.599 -2.00 -2.00 -3.00
-3.00 -2.00 -2.00 5543.472 -2.00 -2.00 -3.00
-3.00 2.00 2.00 5593.472 -2.00 -2.00 -3.00
-3.00 2.00 2.00 6055.381 -2.00 -2.00 -3.00
-3.00 -2.00 -2.00 6105.381 -2.00 -2.00 -3.00
-3.00 -2.00 -2.00 6709.905 -2.00 -2.00 -3.00
