HINTCAD5.8_SUP_SHUJU
-3.00 -2.00 -2.00 -1.000 -2.00 -2.00 -3.00
-3.00 -2.00 -2.00 222.616 -2.00 -2.00 -3.00
9999.00 9999.00 9999.00 272.616 -2.00 -2.00 9999.00
9999.00 9999.00 9999.00 285.116 9999.00 9999.00 -3.00
9999.00 5.00 9999.00 310.116 9999.00 -5.00 -5.00
-3.00 5.00 6.00 322.616 -6.00 -5.00 -5.00
-3.00 5.00 6.00 507.288 -6.00 -5.00 -5.00
9999.00 5.00 9999.00 519.788 9999.00 -5.00 -5.00
9999.00 9999.00 9999.00 544.788 9999.00 9999.00 -3.00
9999.00 9999.00 9999.00 557.288 -2.00 -2.00 9999.00
-3.00 -2.00 -2.00 607.288 -2.00 -2.00 -3.00
-3.00 -2.00 -2.00 1091.661 -2.00 -2.00 -3.00
9999.00 -2.00 -2.00 1151.661 9999.00 9999.00 9999.00
-3.00 9999.00 9999.00 1166.661 9999.00 9999.00 9999.00
-5.00 -5.00 -5.00 1196.661 5.00 5.00 -3.00
-5.00 -5.00 -5.00 1461.947 5.00 5.00 -3.00
-3.00 9999.00 9999.00 1491.947 9999.00 9999.00 9999.00
9999.00 -2.00 -2.00 1506.947 9999.00 9999.00 9999.00
-3.00 -2.00 -2.00 1566.947 -2.00 -2.00 -3.00
-3.00 -2.00 -2.00 1708.915 -2.00 -2.00 -3.00
9999.00 9999.00 9999.00 1768.915 -2.00 -2.00 9999.00
9999.00 9999.00 9999.00 1783.915 9999.00 9999.00 -3.00
-3.00 4.00 4.00 1798.915 -4.00 -4.00 -4.00
-3.00 4.00 4.00 2348.034 -4.00 -4.00 -4.00
9999.00 9999.00 9999.00 2363.034 9999.00 9999.00 -3.00
9999.00 9999.00 9999.00 2378.034 -2.00 -2.00 9999.00
-3.00 -2.00 -2.00 2438.034 -2.00 -2.00 -3.00
-3.00 -2.00 -2.00 4187.362 -2.00 -2.00 -3.00
9999.00 9999.00 9999.00 4247.362 -2.00 -2.00 9999.00
9999.00 9999.00 9999.00 4262.362 9999.00 9999.00 -3.00
-3.00 4.00 4.00 4277.362 -4.00 -4.00 -4.00
-3.00 4.00 4.00 4828.599 -4.00 -4.00 -4.00
9999.00 9999.00 9999.00 4843.599 9999.00 9999.00 -3.00
9999.00 9999.00 9999.00 4858.599 -2.00 -2.00 9999.00
-3.00 -2.00 -2.00 4918.599 -2.00 -2.00 -3.00
-3.00 -2.00 -2.00 5143.472 -2.00 -2.00 -3.00
-3.00 2.00 2.00 5203.472 -2.00 -2.00 -3.00
-3.00 2.00 2.00 6445.381 -2.00 -2.00 -3.00
-3.00 -2.00 -2.00 6505.381 -2.00 -2.00 -3.00
-3.00 -2.00 -2.00 6709.905 -2.00 -2.00 -3.00
