HINTCAD5.8_SUP_SHUJU
-3.00 -2.00 -2.00 -1.000 -2.00 -2.00 -3.00
-3.00 -2.00 -2.00 222.616 -2.00 -2.00 -3.00
9999.00 9999.00 9999.00 272.616 -2.00 -2.00 9999.00
9999.00 9999.00 9999.00 285.116 9999.00 9999.00 -3.00
9999.00 5.00 9999.00 310.116 9999.00 -5.00 -5.00
-3.00 5.00 6.00 322.616 -6.00 -5.00 -5.00
-3.00 5.00 6.00 507.288 -6.00 -5.00 -5.00
9999.00 5.00 9999.00 519.788 9999.00 -5.00 -5.00
9999.00 9999.00 9999.00 544.788 9999.00 9999.00 -3.00
9999.00 9999.00 9999.00 557.288 -2.00 -2.00 9999.00
-3.00 -2.00 -2.00 607.288 -2.00 -2.00 -3.00
-3.00 -2.00 -2.00 1146.661 -2.00 -2.00 -3.00
9999.00 -2.00 -2.00 1206.661 9999.00 9999.00 9999.00
-3.00 9999.00 9999.00 1221.661 9999.00 9999.00 9999.00
-5.00 -5.00 -5.00 1251.661 5.00 5.00 -3.00
-5.00 -5.00 -5.00 1406.947 5.00 5.00 -3.00
-3.00 9999.00 9999.00 1436.947 9999.00 9999.00 9999.00
9999.00 -2.00 -2.00 1451.947 9999.00 9999.00 9999.00
-3.00 -2.00 -2.00 1511.947 -2.00 -2.00 -3.00
-3.00 -2.00 -2.00 1868.915 -2.00 -2.00 -3.00
9999.00 9999.00 9999.00 1928.915 -2.00 -2.00 9999.00
9999.00 9999.00 9999.00 1943.915 9999.00 9999.00 -3.00
-3.00 4.00 4.00 1958.915 -4.00 -4.00 -4.00
-3.00 4.00 4.00 2188.034 -4.00 -4.00 -4.00
9999.00 9999.00 9999.00 2203.034 9999.00 9999.00 -3.00
9999.00 9999.00 9999.00 2218.034 -2.00 -2.00 9999.00
-3.00 -2.00 -2.00 2278.034 -2.00 -2.00 -3.00
-3.00 -2.00 -2.00 4297.362 -2.00 -2.00 -3.00
9999.00 9999.00 9999.00 4357.362 -2.00 -2.00 9999.00
9999.00 9999.00 9999.00 4372.362 9999.00 9999.00 -3.00
-3.00 4.00 4.00 4387.362 -4.00 -4.00 -4.00
-3.00 4.00 4.00 4718.599 -4.00 -4.00 -4.00
9999.00 9999.00 9999.00 4733.599 9999.00 9999.00 -3.00
9999.00 9999.00 9999.00 4748.599 -2.00 -2.00 9999.00
-3.00 -2.00 -2.00 4808.599 -2.00 -2.00 -3.00
-3.00 -2.00 -2.00 5533.472 -2.00 -2.00 -3.00
-3.00 2.00 2.00 5593.472 -2.00 -2.00 -3.00
-3.00 2.00 2.00 6055.381 -2.00 -2.00 -3.00
-3.00 -2.00 -2.00 6115.381 -2.00 -2.00 -3.00
-3.00 -2.00 -2.00 6709.905 -2.00 -2.00 -3.00
