HINTCAD5.8_SUP_SHUJU
-3.00 -2.00 -2.00 -1.000 -2.00 -2.00 -3.00
-3.00 -2.00 -2.00 222.616 -2.00 -2.00 -3.00
9999.00 9999.00 9999.00 272.616 -2.00 -2.00 9999.00
9999.00 9999.00 9999.00 285.116 9999.00 9999.00 -3.00
9999.00 5.00 9999.00 310.116 9999.00 -5.00 -5.00
-3.00 5.00 6.00 322.616 -6.00 -5.00 -5.00
-3.00 5.00 6.00 507.288 -6.00 -5.00 -5.00
9999.00 5.00 9999.00 519.788 9999.00 -5.00 -5.00
9999.00 9999.00 9999.00 544.788 9999.00 9999.00 -3.00
9999.00 9999.00 9999.00 557.288 -2.00 -2.00 9999.00
-3.00 -2.00 -2.00 607.288 -2.00 -2.00 -3.00
-3.00 -2.00 -2.00 1091.661 -2.00 -2.00 -3.00
9999.00 -2.00 -2.00 1165.947 9999.00 9999.00 9999.00
-3.00 9999.00 9999.00 1184.519 9999.00 9999.00 9999.00
-5.00 -5.00 -5.00 1221.661 5.00 5.00 -3.00
-5.00 -5.00 -5.00 1436.947 5.00 5.00 -3.00
-3.00 9999.00 9999.00 1474.089 9999.00 9999.00 9999.00
9999.00 -2.00 -2.00 1492.661 9999.00 9999.00 9999.00
-3.00 -2.00 -2.00 1566.947 -2.00 -2.00 -3.00
-3.00 -2.00 -2.00 1708.915 -2.00 -2.00 -3.00
9999.00 9999.00 9999.00 1782.248 -2.00 -2.00 9999.00
9999.00 9999.00 9999.00 1800.581 9999.00 9999.00 -3.00
-3.00 4.00 4.00 1818.915 -4.00 -4.00 -4.00
-3.00 4.00 4.00 2328.034 -4.00 -4.00 -4.00
9999.00 9999.00 9999.00 2346.368 9999.00 9999.00 -3.00
9999.00 9999.00 9999.00 2364.701 -2.00 -2.00 9999.00
-3.00 -2.00 -2.00 2438.034 -2.00 -2.00 -3.00
-3.00 -2.00 -2.00 4187.362 -2.00 -2.00 -3.00
9999.00 9999.00 9999.00 4260.696 -2.00 -2.00 9999.00
9999.00 9999.00 9999.00 4279.029 9999.00 9999.00 -3.00
-3.00 4.00 4.00 4297.362 -4.00 -4.00 -4.00
-3.00 4.00 4.00 4808.599 -4.00 -4.00 -4.00
9999.00 9999.00 9999.00 4826.933 9999.00 9999.00 -3.00
9999.00 9999.00 9999.00 4845.266 -2.00 -2.00 9999.00
-3.00 -2.00 -2.00 4918.599 -2.00 -2.00 -3.00
-3.00 -2.00 -2.00 5143.472 -2.00 -2.00 -3.00
-3.00 2.00 2.00 5218.472 -2.00 -2.00 -3.00
-3.00 2.00 2.00 6430.381 -2.00 -2.00 -3.00
-3.00 -2.00 -2.00 6505.381 -2.00 -2.00 -3.00
-3.00 -2.00 -2.00 6709.905 -2.00 -2.00 -3.00
