HINTCAD5.8_SUP_SHUJU
-3.00 -2.00 -2.00 -1.000 -2.00 -2.00 -3.00
-3.00 -2.00 -2.00 262.616 -2.00 -2.00 -3.00
9999.00 9999.00 9999.00 292.616 -2.00 -2.00 9999.00
9999.00 9999.00 9999.00 300.116 9999.00 9999.00 -3.00
9999.00 5.00 9999.00 315.116 9999.00 -5.00 -5.00
-3.00 5.00 6.00 322.616 -6.00 -5.00 -5.00
-3.00 5.00 6.00 507.288 -6.00 -5.00 -5.00
9999.00 5.00 9999.00 514.788 9999.00 -5.00 -5.00
9999.00 9999.00 9999.00 529.788 9999.00 9999.00 -3.00
9999.00 9999.00 9999.00 537.288 -2.00 -2.00 9999.00
-3.00 -2.00 -2.00 567.288 -2.00 -2.00 -3.00
-3.00 -2.00 -2.00 1196.661 -2.00 -2.00 -3.00
9999.00 -2.00 -2.00 1228.090 9999.00 9999.00 9999.00
-3.00 9999.00 9999.00 1235.947 9999.00 9999.00 9999.00
-5.00 -5.00 -5.00 1251.661 5.00 5.00 -3.00
-5.00 -5.00 -5.00 1406.947 5.00 5.00 -3.00
-3.00 9999.00 9999.00 1422.661 9999.00 9999.00 9999.00
9999.00 -2.00 -2.00 1430.518 9999.00 9999.00 9999.00
-3.00 -2.00 -2.00 1461.947 -2.00 -2.00 -3.00
-3.00 -2.00 -2.00 1913.915 -2.00 -2.00 -3.00
9999.00 9999.00 9999.00 1943.915 -2.00 -2.00 9999.00
9999.00 9999.00 9999.00 1951.415 9999.00 9999.00 -3.00
-3.00 4.00 4.00 1958.915 -4.00 -4.00 -4.00
-3.00 4.00 4.00 2188.034 -4.00 -4.00 -4.00
9999.00 9999.00 9999.00 2195.534 9999.00 9999.00 -3.00
9999.00 9999.00 9999.00 2203.034 -2.00 -2.00 9999.00
-3.00 -2.00 -2.00 2233.034 -2.00 -2.00 -3.00
-3.00 -2.00 -2.00 4342.362 -2.00 -2.00 -3.00
9999.00 9999.00 9999.00 4372.362 -2.00 -2.00 9999.00
9999.00 9999.00 9999.00 4379.862 9999.00 9999.00 -3.00
-3.00 4.00 4.00 4387.362 -4.00 -4.00 -4.00
-3.00 4.00 4.00 4718.599 -4.00 -4.00 -4.00
9999.00 9999.00 9999.00 4726.099 9999.00 9999.00 -3.00
9999.00 9999.00 9999.00 4733.599 -2.00 -2.00 9999.00
-3.00 -2.00 -2.00 4763.599 -2.00 -2.00 -3.00
-3.00 -2.00 -2.00 5563.472 -2.00 -2.00 -3.00
-3.00 2.00 2.00 5593.472 -2.00 -2.00 -3.00
-3.00 2.00 2.00 6055.381 -2.00 -2.00 -3.00
-3.00 -2.00 -2.00 6085.381 -2.00 -2.00 -3.00
-3.00 -2.00 -2.00 6709.905 -2.00 -2.00 -3.00

