HINTCAD5.8_SUP_SHUJU
-3.00 -2.00 -2.00 -1.000 -2.00 -2.00 -3.00
-3.00 -2.00 -2.00 222.616 -2.00 -2.00 -3.00
9999.00 9999.00 9999.00 272.616 -2.00 -2.00 9999.00
9999.00 9999.00 9999.00 285.116 9999.00 9999.00 -3.00
9999.00 5.00 9999.00 310.116 9999.00 -5.00 -5.00
-3.00 5.00 6.00 322.616 -6.00 -5.00 -5.00
-3.00 5.00 6.00 507.288 -6.00 -5.00 -5.00
9999.00 5.00 9999.00 519.788 9999.00 -5.00 -5.00
9999.00 9999.00 9999.00 544.788 9999.00 9999.00 -3.00
9999.00 9999.00 9999.00 557.288 -2.00 -2.00 9999.00
-3.00 -2.00 -2.00 607.288 -2.00 -2.00 -3.00
-3.00 -2.00 -2.00 1091.661 -2.00 -2.00 -3.00
9999.00 -2.00 -2.00 1140.233 9999.00 9999.00 9999.00
-3.00 9999.00 9999.00 1152.376 9999.00 9999.00 9999.00
-5.00 -5.00 -5.00 1176.661 5.00 5.00 -3.00
-5.00 -5.00 -5.00 1481.947 5.00 5.00 -3.00
-3.00 9999.00 9999.00 1506.232 9999.00 9999.00 9999.00
9999.00 -2.00 -2.00 1518.375 9999.00 9999.00 9999.00
-3.00 -2.00 -2.00 1566.947 -2.00 -2.00 -3.00
-3.00 -2.00 -2.00 1708.915 -2.00 -2.00 -3.00
9999.00 9999.00 9999.00 1758.915 -2.00 -2.00 9999.00
9999.00 9999.00 9999.00 1771.415 9999.00 9999.00 -3.00
-3.00 4.00 4.00 1783.915 -4.00 -4.00 -4.00
-3.00 4.00 4.00 2363.034 -4.00 -4.00 -4.00
9999.00 9999.00 9999.00 2375.534 9999.00 9999.00 -3.00
9999.00 9999.00 9999.00 2388.034 -2.00 -2.00 9999.00
-3.00 -2.00 -2.00 2438.034 -2.00 -2.00 -3.00
-3.00 -2.00 -2.00 4187.362 -2.00 -2.00 -3.00
9999.00 9999.00 9999.00 4237.362 -2.00 -2.00 9999.00
9999.00 9999.00 9999.00 4249.862 9999.00 9999.00 -3.00
-3.00 4.00 4.00 4262.362 -4.00 -4.00 -4.00
-3.00 4.00 4.00 4843.599 -4.00 -4.00 -4.00
9999.00 9999.00 9999.00 4856.099 9999.00 9999.00 -3.00
9999.00 9999.00 9999.00 4868.599 -2.00 -2.00 9999.00
-3.00 -2.00 -2.00 4918.599 -2.00 -2.00 -3.00
-3.00 -2.00 -2.00 5143.472 -2.00 -2.00 -3.00
-3.00 2.00 2.00 5193.472 -2.00 -2.00 -3.00
-3.00 2.00 2.00 6455.381 -2.00 -2.00 -3.00
-3.00 -2.00 -2.00 6505.381 -2.00 -2.00 -3.00
-3.00 -2.00 -2.00 6709.905 -2.00 -2.00 -3.00
