HINTCAD5.8_SUP_SHUJU
-3.00 -2.00 -2.00 -1.000 -2.00 -2.00 -3.00
-3.00 -2.00 -2.00 222.616 -2.00 -2.00 -3.00
9999.00 9999.00 9999.00 272.616 -2.00 -2.00 9999.00
9999.00 9999.00 9999.00 285.116 9999.00 9999.00 -3.00
9999.00 5.00 9999.00 310.116 9999.00 -5.00 -5.00
-3.00 5.00 6.00 322.616 -6.00 -5.00 -5.00
-3.00 5.00 6.00 507.288 -6.00 -5.00 -5.00
9999.00 5.00 9999.00 519.788 9999.00 -5.00 -5.00
9999.00 9999.00 9999.00 544.788 9999.00 9999.00 -3.00
9999.00 9999.00 9999.00 557.288 -2.00 -2.00 9999.00
-3.00 -2.00 -2.00 607.288 -2.00 -2.00 -3.00
-3.00 -2.00 -2.00 1121.661 -2.00 -2.00 -3.00
9999.00 -2.00 -2.00 1195.947 9999.00 9999.00 9999.00
-3.00 9999.00 9999.00 1214.519 9999.00 9999.00 9999.00
-5.00 -5.00 -5.00 1251.661 5.00 5.00 -3.00
-5.00 -5.00 -5.00 1406.947 5.00 5.00 -3.00
-3.00 9999.00 9999.00 1444.089 9999.00 9999.00 9999.00
9999.00 -2.00 -2.00 1462.661 9999.00 9999.00 9999.00
-3.00 -2.00 -2.00 1536.947 -2.00 -2.00 -3.00
-3.00 -2.00 -2.00 1848.915 -2.00 -2.00 -3.00
9999.00 9999.00 9999.00 1922.248 -2.00 -2.00 9999.00
9999.00 9999.00 9999.00 1940.581 9999.00 9999.00 -3.00
-3.00 4.00 4.00 1958.915 -4.00 -4.00 -4.00
-3.00 4.00 4.00 2188.034 -4.00 -4.00 -4.00
9999.00 9999.00 9999.00 2206.368 9999.00 9999.00 -3.00
9999.00 9999.00 9999.00 2224.701 -2.00 -2.00 9999.00
-3.00 -2.00 -2.00 2298.034 -2.00 -2.00 -3.00
-3.00 -2.00 -2.00 4277.362 -2.00 -2.00 -3.00
9999.00 9999.00 9999.00 4350.696 -2.00 -2.00 9999.00
9999.00 9999.00 9999.00 4369.029 9999.00 9999.00 -3.00
-3.00 4.00 4.00 4387.362 -4.00 -4.00 -4.00
-3.00 4.00 4.00 4718.599 -4.00 -4.00 -4.00
9999.00 9999.00 9999.00 4736.933 9999.00 9999.00 -3.00
9999.00 9999.00 9999.00 4755.266 -2.00 -2.00 9999.00
-3.00 -2.00 -2.00 4828.599 -2.00 -2.00 -3.00
-3.00 -2.00 -2.00 5518.472 -2.00 -2.00 -3.00
-3.00 2.00 2.00 5593.472 -2.00 -2.00 -3.00
-3.00 2.00 2.00 6055.381 -2.00 -2.00 -3.00
-3.00 -2.00 -2.00 6130.381 -2.00 -2.00 -3.00
-3.00 -2.00 -2.00 6709.905 -2.00 -2.00 -3.00
