HINTCAD5.8_SUP_SHUJU
-3.00 -2.00 -2.00 -1.000 -2.00 -2.00 -3.00
-3.00 -2.00 -2.00 222.616 -2.00 -2.00 -3.00
9999.00 9999.00 9999.00 260.116 -2.00 -2.00 9999.00
9999.00 9999.00 9999.00 269.491 9999.00 9999.00 -3.00
9999.00 5.00 9999.00 288.241 9999.00 -5.00 -5.00
-3.00 5.00 6.00 297.616 -6.00 -5.00 -5.00
-3.00 5.00 6.00 532.288 -6.00 -5.00 -5.00
9999.00 5.00 9999.00 541.663 9999.00 -5.00 -5.00
9999.00 9999.00 9999.00 560.413 9999.00 9999.00 -3.00
9999.00 9999.00 9999.00 569.788 -2.00 -2.00 9999.00
-3.00 -2.00 -2.00 607.288 -2.00 -2.00 -3.00
-3.00 -2.00 -2.00 1091.661 -2.00 -2.00 -3.00
9999.00 -2.00 -2.00 1128.804 9999.00 9999.00 9999.00
-3.00 9999.00 9999.00 1138.090 9999.00 9999.00 9999.00
-5.00 -5.00 -5.00 1156.661 5.00 5.00 -3.00
-5.00 -5.00 -5.00 1501.947 5.00 5.00 -3.00
-3.00 9999.00 9999.00 1520.518 9999.00 9999.00 9999.00
9999.00 -2.00 -2.00 1529.804 9999.00 9999.00 9999.00
-3.00 -2.00 -2.00 1566.947 -2.00 -2.00 -3.00
-3.00 -2.00 -2.00 1708.915 -2.00 -2.00 -3.00
9999.00 9999.00 9999.00 1745.581 -2.00 -2.00 9999.00
9999.00 9999.00 9999.00 1754.748 9999.00 9999.00 -3.00
-3.00 4.00 4.00 1763.915 -4.00 -4.00 -4.00
-3.00 4.00 4.00 2383.034 -4.00 -4.00 -4.00
9999.00 9999.00 9999.00 2392.201 9999.00 9999.00 -3.00
9999.00 9999.00 9999.00 2401.368 -2.00 -2.00 9999.00
-3.00 -2.00 -2.00 2438.034 -2.00 -2.00 -3.00
-3.00 -2.00 -2.00 4187.362 -2.00 -2.00 -3.00
9999.00 9999.00 9999.00 4224.029 -2.00 -2.00 9999.00
9999.00 9999.00 9999.00 4233.196 9999.00 9999.00 -3.00
-3.00 4.00 4.00 4242.362 -4.00 -4.00 -4.00
-3.00 4.00 4.00 4863.599 -4.00 -4.00 -4.00
9999.00 9999.00 9999.00 4872.766 9999.00 9999.00 -3.00
9999.00 9999.00 9999.00 4881.933 -2.00 -2.00 9999.00
-3.00 -2.00 -2.00 4918.599 -2.00 -2.00 -3.00
-3.00 -2.00 -2.00 5143.472 -2.00 -2.00 -3.00
-3.00 2.00 2.00 5183.472 -2.00 -2.00 -3.00
-3.00 2.00 2.00 6465.381 -2.00 -2.00 -3.00
-3.00 -2.00 -2.00 6505.381 -2.00 -2.00 -3.00
-3.00 -2.00 -2.00 6709.905 -2.00 -2.00 -3.00
