HINTCAD5.8_SUP_SHUJU
-3.00 -2.00 -2.00 -1.000 -2.00 -2.00 -3.00
-3.00 -2.00 -2.00 247.616 -2.00 -2.00 -3.00
9999.00 9999.00 9999.00 285.116 -2.00 -2.00 9999.00
9999.00 9999.00 9999.00 294.491 9999.00 9999.00 -3.00
9999.00 5.00 9999.00 313.241 9999.00 -5.00 -5.00
-3.00 5.00 6.00 322.616 -6.00 -5.00 -5.00
-3.00 5.00 6.00 507.288 -6.00 -5.00 -5.00
9999.00 5.00 9999.00 516.663 9999.00 -5.00 -5.00
9999.00 9999.00 9999.00 535.413 9999.00 9999.00 -3.00
9999.00 9999.00 9999.00 544.788 -2.00 -2.00 9999.00
-3.00 -2.00 -2.00 582.288 -2.00 -2.00 -3.00
-3.00 -2.00 -2.00 1186.661 -2.00 -2.00 -3.00
9999.00 -2.00 -2.00 1223.804 9999.00 9999.00 9999.00
-3.00 9999.00 9999.00 1233.090 9999.00 9999.00 9999.00
-5.00 -5.00 -5.00 1251.661 5.00 5.00 -3.00
-5.00 -5.00 -5.00 1406.947 5.00 5.00 -3.00
-3.00 9999.00 9999.00 1425.518 9999.00 9999.00 9999.00
9999.00 -2.00 -2.00 1434.804 9999.00 9999.00 9999.00
-3.00 -2.00 -2.00 1471.947 -2.00 -2.00 -3.00
-3.00 -2.00 -2.00 1903.915 -2.00 -2.00 -3.00
9999.00 9999.00 9999.00 1940.581 -2.00 -2.00 9999.00
9999.00 9999.00 9999.00 1949.748 9999.00 9999.00 -3.00
-3.00 4.00 4.00 1958.915 -4.00 -4.00 -4.00
-3.00 4.00 4.00 2188.034 -4.00 -4.00 -4.00
9999.00 9999.00 9999.00 2197.201 9999.00 9999.00 -3.00
9999.00 9999.00 9999.00 2206.368 -2.00 -2.00 9999.00
-3.00 -2.00 -2.00 2243.034 -2.00 -2.00 -3.00
-3.00 -2.00 -2.00 4332.362 -2.00 -2.00 -3.00
9999.00 9999.00 9999.00 4369.029 -2.00 -2.00 9999.00
9999.00 9999.00 9999.00 4378.196 9999.00 9999.00 -3.00
-3.00 4.00 4.00 4387.362 -4.00 -4.00 -4.00
-3.00 4.00 4.00 4718.599 -4.00 -4.00 -4.00
9999.00 9999.00 9999.00 4727.766 9999.00 9999.00 -3.00
9999.00 9999.00 9999.00 4736.933 -2.00 -2.00 9999.00
-3.00 -2.00 -2.00 4773.599 -2.00 -2.00 -3.00
-3.00 -2.00 -2.00 5553.472 -2.00 -2.00 -3.00
-3.00 2.00 2.00 5593.472 -2.00 -2.00 -3.00
-3.00 2.00 2.00 6055.381 -2.00 -2.00 -3.00
-3.00 -2.00 -2.00 6095.381 -2.00 -2.00 -3.00
-3.00 -2.00 -2.00 6709.905 -2.00 -2.00 -3.00
