HINTCAD5.8_SUP_SHUJU
-3.00 -2.00 -2.00 -1.000 -2.00 -2.00 -3.00
-3.00 -2.00 -2.00 222.616 -2.00 -2.00 -3.00
9999.00 9999.00 9999.00 252.616 -2.00 -2.00 9999.00
9999.00 9999.00 9999.00 260.116 9999.00 9999.00 -3.00
9999.00 5.00 9999.00 275.116 9999.00 -5.00 -5.00
-3.00 5.00 6.00 282.616 -6.00 -5.00 -5.00
-3.00 5.00 6.00 547.288 -6.00 -5.00 -5.00
9999.00 5.00 9999.00 554.788 9999.00 -5.00 -5.00
9999.00 9999.00 9999.00 569.788 9999.00 9999.00 -3.00
9999.00 9999.00 9999.00 577.288 -2.00 -2.00 9999.00
-3.00 -2.00 -2.00 607.288 -2.00 -2.00 -3.00
-3.00 -2.00 -2.00 1091.661 -2.00 -2.00 -3.00
9999.00 -2.00 -2.00 1123.090 9999.00 9999.00 9999.00
-3.00 9999.00 9999.00 1130.947 9999.00 9999.00 9999.00
-5.00 -5.00 -5.00 1146.661 5.00 5.00 -3.00
-5.00 -5.00 -5.00 1511.947 5.00 5.00 -3.00
-3.00 9999.00 9999.00 1527.661 9999.00 9999.00 9999.00
9999.00 -2.00 -2.00 1535.518 9999.00 9999.00 9999.00
-3.00 -2.00 -2.00 1566.947 -2.00 -2.00 -3.00
-3.00 -2.00 -2.00 1708.915 -2.00 -2.00 -3.00
9999.00 9999.00 9999.00 1738.915 -2.00 -2.00 9999.00
9999.00 9999.00 9999.00 1746.415 9999.00 9999.00 -3.00
-3.00 4.00 4.00 1753.915 -4.00 -4.00 -4.00
-3.00 4.00 4.00 2393.034 -4.00 -4.00 -4.00
9999.00 9999.00 9999.00 2400.534 9999.00 9999.00 -3.00
9999.00 9999.00 9999.00 2408.034 -2.00 -2.00 9999.00
-3.00 -2.00 -2.00 2438.034 -2.00 -2.00 -3.00
-3.00 -2.00 -2.00 4187.362 -2.00 -2.00 -3.00
9999.00 9999.00 9999.00 4217.362 -2.00 -2.00 9999.00
9999.00 9999.00 9999.00 4224.862 9999.00 9999.00 -3.00
-3.00 4.00 4.00 4232.362 -4.00 -4.00 -4.00
-3.00 4.00 4.00 4873.599 -4.00 -4.00 -4.00
9999.00 9999.00 9999.00 4881.099 9999.00 9999.00 -3.00
9999.00 9999.00 9999.00 4888.599 -2.00 -2.00 9999.00
-3.00 -2.00 -2.00 4918.599 -2.00 -2.00 -3.00
-3.00 -2.00 -2.00 5143.472 -2.00 -2.00 -3.00
-3.00 2.00 2.00 5173.472 -2.00 -2.00 -3.00
-3.00 2.00 2.00 6475.381 -2.00 -2.00 -3.00
-3.00 -2.00 -2.00 6505.381 -2.00 -2.00 -3.00
-3.00 -2.00 -2.00 6709.905 -2.00 -2.00 -3.00
