       20.000  17.5166  9.6524
       40.000  35.0332  19.3048
       60.000  52.5498  28.9572
       80.000  70.0664  38.6097
      100.000  87.5829  48.2621
      120.000  105.0995  57.9145
      140.000  122.6161  67.5669
      160.000  140.1327  77.2193
      180.000  157.6493  86.8717
      200.000  175.1659  96.5242
      220.000  192.6825  106.1766
      240.000  210.1821  115.8596
      260.000  227.5450  125.7850
      280.000  244.6027  136.2248
      300.000  261.1622  147.4356
      320.000  276.9952  159.6485
      340.000  291.8521  173.0298
      360.000  305.5923  187.5554
      380.000  318.1277  203.1327
      400.000  329.3782  219.6619
      420.000  339.2717  237.0373
      440.000  347.7451  255.1477
      460.000  354.7440  273.8774
      480.000  360.2238  293.1065
      500.000  364.1494  312.7120
      520.000  366.5093  332.5673
      540.000  367.4808  352.5405
      560.000  367.3762  372.5385
      580.000  366.5152  392.5192
      600.000  365.2183  412.4769
      620.000  363.7913  432.4260
      640.000  362.3618  452.3748
      660.000  360.9323  472.3237
      680.000  359.5027  492.2725
      700.000  358.0732  512.2213
      720.000  356.6437  532.1702
      740.000  355.2142  552.1190
      760.000  353.7846  572.0679
      780.000  352.3551  592.0167
      800.000  350.9256  611.9656
      820.000  349.4961  631.9144
      840.000  348.0665  651.8633
      860.000  346.6370  671.8121
      880.000  345.2075  691.7610
      900.000  343.7780  711.7098
      920.000  342.3484  731.6587
      940.000  340.9189  751.6075
      960.000  339.4894  771.5563
      980.000  338.0599  791.5052
     1000.000  336.6303  811.4540
     1020.000  335.2008  831.4029
     1040.000  333.7713  851.3517
     1060.000  332.3418  871.3006
     1080.000  330.9122  891.2494
     1100.000  329.4842  911.1984
     1120.000  328.1123  931.1512
     1140.000  326.9171  951.1154
     1160.000  326.0237  971.0951
     1180.000  325.5571  991.0892
     1200.000  325.6426  1011.0882
     1220.000  326.4050  1031.0725
     1240.000  327.9679  1051.0098
     1260.000  330.4516  1070.8530
     1280.000  333.9198  1090.5479
     1300.000  338.3680  1110.0448
     1320.000  343.7850  1129.2950
     1340.000  350.1575  1148.2505
     1360.000  357.4693  1166.8637
     1380.000  365.7023  1185.0883
     1400.000  374.8358  1202.8786
     1420.000  384.8421  1220.1932
     1440.000  395.6322  1237.0311
     1460.000  407.0818  1253.4281
     1480.000  419.0731  1269.4336
     1500.000  431.4951  1285.1077
     1520.000  444.2423  1300.5186
     1540.000  457.2143  1315.7410
     1560.000  470.3141  1330.8537
     1580.000  483.4511  1345.9342
     1600.000  496.5888  1361.0140
     1620.000  509.7264  1376.0939
     1640.000  522.8640  1391.1738
     1660.000  536.0017  1406.2536
     1680.000  549.1393  1421.3335
     1700.000  562.2770  1436.4134
     1720.000  575.4135  1451.4942
     1740.000  588.5271  1466.5950
     1760.000  601.5779  1481.7500
     1780.000  614.5253  1496.9935
     1800.000  627.3275  1512.3590
     1820.000  639.9422  1527.8788
     1840.000  652.3256  1543.5837
     1860.000  664.4325  1559.5025
     1880.000  676.2163  1575.6619
     1900.000  687.6284  1592.0858
     1920.000  698.6183  1608.7951
     1940.000  709.1336  1625.8068
     1960.000  719.1198  1643.1343
     1980.000  728.5295  1660.7814
     2000.000  737.3459  1678.7323
     2020.000  745.5591  1696.9670
     2040.000  753.1601  1715.4654
     2060.000  760.1403  1734.2067
     2080.000  766.4921  1753.1703
     2100.000  772.2083  1772.3351
     2120.000  777.2827  1791.6797
     2140.000  781.7095  1811.1827
     2160.000  785.4839  1830.8223
     2180.000  788.6017  1850.5769
     2200.000  791.0612  1870.4242
     2220.000  792.8903  1890.3396
     2240.000  794.1398  1910.2999
     2260.000  794.8618  1930.2863
     2280.000  795.1093  1950.2844
     2300.000  794.9353  1970.2833
     2320.000  794.3933  1990.2757
     2340.000  793.5368  2010.2572
     2360.000  792.4191  2030.2258
     2380.000  791.0938  2050.1818
     2400.000  789.6140  2070.1269
     2420.000  788.0332  2090.0643
     2440.000  786.4043  2109.9979
     2460.000  784.7690  2129.9309
     2480.000  783.1337  2149.8640
     2500.000  781.4984  2169.7970
     2520.000  779.8631  2189.7300
     2540.000  778.2278  2209.6631
     2560.000  776.5925  2229.5961
     2580.000  774.9572  2249.5291
     2600.000  773.3219  2269.4622
     2620.000  771.6865  2289.3952
     2640.000  770.0512  2309.3282
     2660.000  768.4159  2329.2613
     2680.000  766.7990  2349.1958
     2700.000  765.3200  2369.1410
     2720.000  764.0007  2389.0973
     2740.000  762.8410  2409.0636
     2760.000  761.8411  2429.0386
     2780.000  761.0011  2449.0209
     2800.000  760.3209  2469.0092
     2820.000  759.8006  2489.0024
     2840.000  759.4403  2508.9991
     2860.000  759.2400  2528.9981
     2880.000  759.1997  2548.9980
     2900.000  759.3194  2568.9976
     2920.000  759.5990  2588.9956
     2940.000  760.0387  2608.9907
     2960.000  760.6383  2628.9816
     2980.000  761.3978  2648.9671
     3000.000  762.3171  2668.9460
     3020.000  763.3963  2688.9168
     3040.000  764.6352  2708.8783
     3060.000  766.0337  2728.8293
     3080.000  767.5918  2748.7685
     3100.000  769.3094  2768.6945
     3120.000  771.1863  2788.6062
     3140.000  773.2224  2808.5022
     3160.000  775.4177  2828.3813
     3180.000  777.7719  2848.2422
     3200.000  780.2849  2868.0837
     3220.000  782.9566  2887.9044
     3240.000  785.7867  2907.7031
     3260.000  788.7752  2927.4785
     3280.000  791.9217  2947.2293
     3300.000  795.2262  2966.9544
     3320.000  798.6883  2986.6524
     3340.000  802.3079  3006.3221
     3360.000  806.0848  3025.9622
     3380.000  810.0186  3045.5714
     3400.000  814.1092  3065.1486
     3420.000  818.3563  3084.6924
     3440.000  822.7596  3104.2016
     3460.000  827.3189  3123.6749
     3480.000  832.0337  3143.1112
     3500.000  836.9039  3162.5091
     3520.000  841.9292  3181.8674
     3540.000  847.1091  3201.1849
     3560.000  852.4434  3220.4604
     3580.000  857.9317  3239.6926
     3600.000  863.5738  3258.8802
     3620.000  869.3691  3278.0221
     3640.000  875.3174  3297.1170
     3660.000  881.4183  3316.1637
     3680.000  887.6713  3335.1610
     3700.000  894.0761  3354.1077
     3720.000  900.6323  3373.0025
     3740.000  907.3394  3391.8443
     3760.000  914.1970  3410.6318
     3780.000  921.2048  3429.3638
     3800.000  928.3621  3448.0392
     3820.000  935.6686  3466.6568
     3840.000  943.1239  3485.2153
     3860.000  950.7273  3503.7135
     3880.000  958.4785  3522.1503
     3900.000  966.3769  3540.5246
     3920.000  974.4221  3558.8350
     3940.000  982.6135  3577.0805
     3960.000  990.9506  3595.2599
     3980.000  999.4329  3613.3721
     4000.000  1008.0598  3631.4158
     4020.000  1016.8308  3649.3898
     4040.000  1025.7453  3667.2932
     4060.000  1034.7985  3685.1268
     4080.000  1043.8925  3702.9397
     4100.000  1052.9866  3720.7525
     4120.000  1062.0806  3738.5654
     4140.000  1071.1746  3756.3783
     4160.000  1080.2687  3774.1912
     4180.000  1089.3627  3792.0040
     4200.000  1098.4549  3809.8179
     4220.000  1107.5186  3827.6462
     4240.000  1116.5094  3845.5114
     4260.000  1125.3825  3863.4353
     4280.000  1134.0924  3881.4390
     4300.000  1142.5933  3899.5423
     4320.000  1150.8384  3917.7634
     4340.000  1158.7803  3936.1187
     4360.000  1166.3705  3954.6221
     4380.000  1173.5597  3973.2848
     4400.000  1180.2993  3992.1145
     4420.000  1186.5666  4011.1066
     4440.000  1192.3571  4030.2495
     4460.000  1197.6673  4049.5311
     4480.000  1202.4939  4068.9394
     4500.000  1206.8338  4088.4623
     4520.000  1210.6843  4108.0876
     4540.000  1214.0431  4127.8031
     4560.000  1216.9079  4147.5963
     4580.000  1219.2771  4167.4549
     4600.000  1221.1491  4187.3666
     4620.000  1222.5228  4207.3189
     4640.000  1223.3974  4227.2992
     4660.000  1223.7721  4247.2952
     4680.000  1223.6470  4267.2943
     4700.000  1223.0219  4287.2840
     4720.000  1221.8973  4307.2518
     4740.000  1220.2842  4327.1862
     4760.000  1218.2264  4347.0797
     4780.000  1215.7746  4366.9285
     4800.000  1212.9794  4386.7320
     4820.000  1209.8908  4406.4919
     4840.000  1206.5590  4426.2124
     4860.000  1203.0336  4445.8991
     4880.000  1199.3640  4465.5596
     4900.000  1195.5996  4485.2021
     4920.000  1191.7896  4504.8358
     4940.000  1187.9730  4524.4683
     4960.000  1184.1564  4544.1008
     4980.000  1180.3398  4563.7332
     5000.000  1176.5232  4583.3657
     5020.000  1172.7066  4602.9981
     5040.000  1168.8899  4622.6306
     5060.000  1165.0733  4642.2631
     5080.000  1161.2567  4661.8955
     5100.000  1157.4401  4681.5280
     5120.000  1153.6235  4701.1604
     5140.000  1149.8069  4720.7929
     5160.000  1145.9892  4740.4252
     5180.000  1142.1619  4760.0555
     5200.000  1138.3133  4779.6817
     5220.000  1134.4318  4799.3015
     5240.000  1130.5059  4818.9124
     5260.000  1126.5239  4838.5120
     5280.000  1122.4743  4858.0977
     5300.000  1118.3455  4877.6668
     5320.000  1114.1259  4897.2166
     5340.000  1109.8042  4916.7441
     5360.000  1105.3688  4936.2460
     5380.000  1100.8084  4955.7191
     5400.000  1096.1117  4975.1598
     5420.000  1091.2673  4994.5642
     5440.000  1086.2641  5013.9282
     5460.000  1081.0910  5033.2475
     5480.000  1075.7369  5052.5174
     5500.000  1070.1909  5071.7330
     5520.000  1064.4423  5090.8889
     5540.000  1058.4803  5109.9795
     5560.000  1052.2945  5128.9987
     5580.000  1045.8744  5147.9402
     5600.000  1039.2099  5166.7970
     5620.000  1032.2952  5185.5634
     5640.000  1025.1308  5204.2360
     5660.000  1017.7182  5222.8115
     5680.000  1010.0585  5241.2864
     5700.000  1002.1532  5259.6576
     5720.000  994.0037  5277.9217
     5740.000  985.6113  5296.0756
     5760.000  976.9777  5314.1160
     5780.000  968.1043  5332.0396
     5800.000  958.9927  5349.8433
     5820.000  949.6446  5367.5240
     5840.000  940.0615  5385.0785
     5860.000  930.2452  5402.5036
     5880.000  920.1975  5419.7963
     5900.000  909.9202  5436.9535
     5920.000  899.4149  5453.9722
     5940.000  888.6837  5470.8492
     5960.000  877.7285  5487.5817
     5980.000  866.5511  5504.1667
     6000.000  855.1536  5520.6011
     6020.000  843.5379  5536.8821
     6040.000  831.7063  5553.0068
     6060.000  819.6607  5568.9723
     6080.000  807.4062  5584.7781
     6100.000  794.9534  5600.4281
     6120.000  782.3136  5615.9275
     6140.000  769.4976  5631.2815
     6160.000  756.5161  5646.4959
     6180.000  743.3796  5661.5766
     6200.000  730.0983  5676.5300
     6220.000  716.6823  5691.3627
     6240.000  703.1413  5706.0814
     6260.000  689.4850  5720.6931
     6280.000  675.7228  5735.2052
     6300.000  661.8640  5749.6251
     6320.000  647.9177  5763.9603
     6340.000  633.8929  5778.2188
     6360.000  619.7984  5792.4083
     6380.000  605.6428  5806.5370
     6400.000  591.4349  5820.6131
     6420.000  577.1831  5834.6447
     6440.000  562.8959  5848.6402
     6460.000  548.5815  5862.6080
     6480.000  534.2484  5876.5565
     6500.000  519.9048  5890.4943
     6520.000  505.5585  5904.4292
     6540.000  491.2121  5918.3641
     6560.000  476.8657  5932.2990
     6580.000  462.5193  5946.2339
     6600.000  448.1729  5960.1688
     6620.000  433.8265  5974.1037
     6640.000  419.4802  5988.0386
     6660.000  405.1338  6001.9735
     6680.000  390.7874  6015.9084
     6700.000  376.4410  6029.8433
