HINTCAD5.8_SUP_SHUJU
-3.00 -2.00 -2.00 -1.000 -2.00 -2.00 -3.00
-3.00 -2.00 -2.00 207.898 -2.00 -2.00 -3.00
9999.00 9999.00 9999.00 322.184 -2.00 -2.00 9999.00
9999.00 9999.00 9999.00 350.755 9999.00 9999.00 -3.00
-3.00 5.00 5.00 407.898 -5.00 -5.00 -5.00
-3.00 5.00 5.00 2080.520 -5.00 -5.00 -5.00
9999.00 9999.00 9999.00 2137.663 9999.00 9999.00 -3.00
9999.00 9999.00 9999.00 2166.234 -2.00 -2.00 9999.00
-3.00 -2.00 -2.00 2280.520 -2.00 -2.00 -3.00
-3.00 -2.00 -2.00 2857.984 -2.00 -2.00 -3.00
9999.00 -2.00 -2.00 2970.484 9999.00 9999.00 9999.00
-3.00 9999.00 9999.00 2998.609 9999.00 9999.00 9999.00
-5.00 -5.00 9999.00 3054.859 9999.00 5.00 9999.00
-5.00 -5.00 -6.00 3082.984 6.00 5.00 -3.00
-5.00 -5.00 -6.00 4103.886 6.00 5.00 -3.00
-5.00 -5.00 9999.00 4132.011 9999.00 5.00 9999.00
-3.00 9999.00 9999.00 4188.261 9999.00 9999.00 9999.00
9999.00 -2.00 -2.00 4216.386 9999.00 9999.00 9999.00
-3.00 -2.00 -2.00 4328.886 -2.00 -2.00 -3.00
-3.00 -2.00 -2.00 7273.408 -2.00 -2.00 -3.00
