HINTCAD5.8_SUP_SHUJU
-3.00 -2.00 -2.00 -1.000 -2.00 -2.00 -3.00
-3.00 -2.00 -2.00 207.898 -2.00 -2.00 -3.00
9999.00 9999.00 9999.00 433.613 -2.00 -2.00 9999.00
9999.00 9999.00 9999.00 490.041 9999.00 9999.00 -3.00
-3.00 5.00 5.00 602.898 -5.00 -5.00 -5.00
-3.00 5.00 5.00 1885.520 -5.00 -5.00 -5.00
9999.00 9999.00 9999.00 1998.377 9999.00 9999.00 -3.00
9999.00 9999.00 9999.00 2054.805 -2.00 -2.00 9999.00
-3.00 -2.00 -2.00 2280.520 -2.00 -2.00 -3.00
-3.00 -2.00 -2.00 2857.984 -2.00 -2.00 -3.00
9999.00 -2.00 -2.00 3082.984 9999.00 9999.00 9999.00
-3.00 9999.00 9999.00 3139.234 9999.00 9999.00 9999.00
-5.00 -5.00 9999.00 3251.734 9999.00 5.00 9999.00
-5.00 -5.00 -6.00 3307.984 6.00 5.00 -3.00
-5.00 -5.00 -6.00 3878.886 6.00 5.00 -3.00
-5.00 -5.00 9999.00 3935.136 9999.00 5.00 9999.00
-3.00 9999.00 9999.00 4047.636 9999.00 9999.00 9999.00
9999.00 -2.00 -2.00 4103.886 9999.00 9999.00 9999.00
-3.00 -2.00 -2.00 4328.886 -2.00 -2.00 -3.00
-3.00 -2.00 -2.00 7273.408 -2.00 -2.00 -3.00
