HINTCAD5.8_SUP_SHUJU
-3.00 -2.00 -2.00 -1.000 -2.00 -2.00 -3.00
-3.00 -2.00 -2.00 207.898 -2.00 -2.00 -3.00
9999.00 9999.00 9999.00 356.470 -2.00 -2.00 9999.00
9999.00 9999.00 9999.00 393.613 9999.00 9999.00 -3.00
-3.00 5.00 5.00 467.898 -5.00 -5.00 -5.00
-3.00 5.00 5.00 2020.520 -5.00 -5.00 -5.00
9999.00 9999.00 9999.00 2094.805 9999.00 9999.00 -3.00
9999.00 9999.00 9999.00 2131.948 -2.00 -2.00 9999.00
-3.00 -2.00 -2.00 2280.520 -2.00 -2.00 -3.00
-3.00 -2.00 -2.00 2857.984 -2.00 -2.00 -3.00
9999.00 -2.00 -2.00 3007.984 9999.00 9999.00 9999.00
-3.00 9999.00 9999.00 3045.484 9999.00 9999.00 9999.00
-5.00 -5.00 9999.00 3120.484 9999.00 5.00 9999.00
-5.00 -5.00 -6.00 3157.984 6.00 5.00 -3.00
-5.00 -5.00 -6.00 4028.886 6.00 5.00 -3.00
-5.00 -5.00 9999.00 4066.386 9999.00 5.00 9999.00
-3.00 9999.00 9999.00 4141.386 9999.00 9999.00 9999.00
9999.00 -2.00 -2.00 4178.886 9999.00 9999.00 9999.00
-3.00 -2.00 -2.00 4328.886 -2.00 -2.00 -3.00
-3.00 -2.00 -2.00 7273.408 -2.00 -2.00 -3.00
