HINTCAD5.8_SUP_SHUJU
-3.00 -2.00 -2.00 -1.000 -2.00 -2.00 -3.00
-3.00 -2.00 -2.00 512.898 -2.00 -2.00 -3.00
9999.00 9999.00 9999.00 738.613 -2.00 -2.00 9999.00
9999.00 9999.00 9999.00 795.041 9999.00 9999.00 -3.00
-3.00 5.00 5.00 907.898 -5.00 -5.00 -5.00
-3.00 5.00 5.00 1580.520 -5.00 -5.00 -5.00
9999.00 9999.00 9999.00 1693.377 9999.00 9999.00 -3.00
9999.00 9999.00 9999.00 1749.805 -2.00 -2.00 9999.00
-3.00 -2.00 -2.00 1975.520 -2.00 -2.00 -3.00
-3.00 -2.00 -2.00 2907.984 -2.00 -2.00 -3.00
9999.00 -2.00 -2.00 3132.984 9999.00 9999.00 9999.00
-3.00 9999.00 9999.00 3189.234 9999.00 9999.00 9999.00
-5.00 -5.00 9999.00 3301.734 9999.00 5.00 9999.00
-5.00 -5.00 -6.00 3357.984 6.00 5.00 -3.00
-5.00 -5.00 -6.00 3828.886 6.00 5.00 -3.00
-5.00 -5.00 9999.00 3885.136 9999.00 5.00 9999.00
-3.00 9999.00 9999.00 3997.636 9999.00 9999.00 9999.00
9999.00 -2.00 -2.00 4053.886 9999.00 9999.00 9999.00
-3.00 -2.00 -2.00 4278.886 -2.00 -2.00 -3.00
-3.00 -2.00 -2.00 7273.408 -2.00 -2.00 -3.00
