HINTCAD5.8_SUP_SHUJU
-3.00 -2.00 -2.00 -1.000 -2.00 -2.00 -3.00
-3.00 -2.00 -2.00 707.898 -2.00 -2.00 -3.00
9999.00 9999.00 9999.00 822.184 -2.00 -2.00 9999.00
9999.00 9999.00 9999.00 850.755 9999.00 9999.00 -3.00
-3.00 5.00 5.00 907.898 -5.00 -5.00 -5.00
-3.00 5.00 5.00 1580.520 -5.00 -5.00 -5.00
9999.00 9999.00 9999.00 1637.663 9999.00 9999.00 -3.00
9999.00 9999.00 9999.00 1666.234 -2.00 -2.00 9999.00
-3.00 -2.00 -2.00 1780.520 -2.00 -2.00 -3.00
-3.00 -2.00 -2.00 3132.984 -2.00 -2.00 -3.00
9999.00 -2.00 -2.00 3245.484 9999.00 9999.00 9999.00
-3.00 9999.00 9999.00 3273.609 9999.00 9999.00 9999.00
-5.00 -5.00 9999.00 3329.859 9999.00 5.00 9999.00
-5.00 -5.00 -6.00 3357.984 6.00 5.00 -3.00
-5.00 -5.00 -6.00 3828.886 6.00 5.00 -3.00
-5.00 -5.00 9999.00 3857.011 9999.00 5.00 9999.00
-3.00 9999.00 9999.00 3913.261 9999.00 9999.00 9999.00
9999.00 -2.00 -2.00 3941.386 9999.00 9999.00 9999.00
-3.00 -2.00 -2.00 4053.886 -2.00 -2.00 -3.00
-3.00 -2.00 -2.00 7273.408 -2.00 -2.00 -3.00
