HINTCAD5.8_SUP_SHUJU
-3.00 -2.00 -2.00 -1.000 -2.00 -2.00 -3.00
-3.00 -2.00 -2.00 207.898 -2.00 -2.00 -3.00
9999.00 9999.00 9999.00 607.898 -2.00 -2.00 9999.00
9999.00 9999.00 9999.00 707.898 9999.00 9999.00 -3.00
-3.00 5.00 5.00 907.898 -5.00 -5.00 -5.00
-3.00 5.00 5.00 1580.520 -5.00 -5.00 -5.00
9999.00 9999.00 9999.00 1780.520 9999.00 9999.00 -3.00
9999.00 9999.00 9999.00 1880.520 -2.00 -2.00 9999.00
-3.00 -2.00 -2.00 2280.520 -2.00 -2.00 -3.00
-3.00 -2.00 -2.00 2857.984 -2.00 -2.00 -3.00
9999.00 -2.00 -2.00 3107.984 9999.00 9999.00 9999.00
-3.00 9999.00 9999.00 3170.484 9999.00 9999.00 9999.00
-5.00 -5.00 9999.00 3295.484 9999.00 5.00 9999.00
-5.00 -5.00 -6.00 3357.984 6.00 5.00 -3.00
-5.00 -5.00 -6.00 3828.886 6.00 5.00 -3.00
-5.00 -5.00 9999.00 3891.386 9999.00 5.00 9999.00
-3.00 9999.00 9999.00 4016.386 9999.00 9999.00 9999.00
9999.00 -2.00 -2.00 4078.886 9999.00 9999.00 9999.00
-3.00 -2.00 -2.00 4328.886 -2.00 -2.00 -3.00
-3.00 -2.00 -2.00 7273.408 -2.00 -2.00 -3.00
