HINTCAD5.8_SUP_SHUJU
-3.00 -2.00 -2.00 -1.000 -2.00 -2.00 -3.00
-3.00 -2.00 -2.00 592.898 -2.00 -2.00 -3.00
9999.00 9999.00 9999.00 772.898 -2.00 -2.00 9999.00
9999.00 9999.00 9999.00 817.898 9999.00 9999.00 -3.00
-3.00 5.00 5.00 907.898 -5.00 -5.00 -5.00
-3.00 5.00 5.00 1580.520 -5.00 -5.00 -5.00
9999.00 9999.00 9999.00 1670.520 9999.00 9999.00 -3.00
9999.00 9999.00 9999.00 1715.520 -2.00 -2.00 9999.00
-3.00 -2.00 -2.00 1895.520 -2.00 -2.00 -3.00
-3.00 -2.00 -2.00 2997.984 -2.00 -2.00 -3.00
9999.00 -2.00 -2.00 3177.984 9999.00 9999.00 9999.00
-3.00 9999.00 9999.00 3222.984 9999.00 9999.00 9999.00
-5.00 -5.00 9999.00 3312.984 9999.00 5.00 9999.00
-5.00 -5.00 -6.00 3357.984 6.00 5.00 -3.00
-5.00 -5.00 -6.00 3828.886 6.00 5.00 -3.00
-5.00 -5.00 9999.00 3873.886 9999.00 5.00 9999.00
-3.00 9999.00 9999.00 3963.886 9999.00 9999.00 9999.00
9999.00 -2.00 -2.00 4008.886 9999.00 9999.00 9999.00
-3.00 -2.00 -2.00 4188.886 -2.00 -2.00 -3.00
-3.00 -2.00 -2.00 7273.408 -2.00 -2.00 -3.00
