HINTCAD5.8_SUP_SHUJU
-3.00 -2.00 -2.00 -1.000 -2.00 -2.00 -3.00
-3.00 -2.00 -2.00 207.898 -2.00 -2.00 -3.00
9999.00 9999.00 9999.00 387.898 -2.00 -2.00 9999.00
9999.00 9999.00 9999.00 432.898 9999.00 9999.00 -3.00
-3.00 5.00 5.00 522.898 -5.00 -5.00 -5.00
-3.00 5.00 5.00 1965.520 -5.00 -5.00 -5.00
9999.00 9999.00 9999.00 2055.520 9999.00 9999.00 -3.00
9999.00 9999.00 9999.00 2100.520 -2.00 -2.00 9999.00
-3.00 -2.00 -2.00 2280.520 -2.00 -2.00 -3.00
-3.00 -2.00 -2.00 2857.984 -2.00 -2.00 -3.00
9999.00 -2.00 -2.00 3037.984 9999.00 9999.00 9999.00
-3.00 9999.00 9999.00 3082.984 9999.00 9999.00 9999.00
-5.00 -5.00 9999.00 3172.984 9999.00 5.00 9999.00
-5.00 -5.00 -6.00 3217.984 6.00 5.00 -3.00
-5.00 -5.00 -6.00 3968.886 6.00 5.00 -3.00
-5.00 -5.00 9999.00 4013.886 9999.00 5.00 9999.00
-3.00 9999.00 9999.00 4103.886 9999.00 9999.00 9999.00
9999.00 -2.00 -2.00 4148.886 9999.00 9999.00 9999.00
-3.00 -2.00 -2.00 4328.886 -2.00 -2.00 -3.00
-3.00 -2.00 -2.00 7273.408 -2.00 -2.00 -3.00
