HINTCAD5.8_SUP_SHUJU
-3.00 -2.00 -2.00 -1.000 -2.00 -2.00 -3.00
-3.00 -2.00 -2.00 647.898 -2.00 -2.00 -3.00
9999.00 9999.00 9999.00 796.470 -2.00 -2.00 9999.00
9999.00 9999.00 9999.00 833.613 9999.00 9999.00 -3.00
-3.00 5.00 5.00 907.898 -5.00 -5.00 -5.00
-3.00 5.00 5.00 1580.520 -5.00 -5.00 -5.00
9999.00 9999.00 9999.00 1654.805 9999.00 9999.00 -3.00
9999.00 9999.00 9999.00 1691.948 -2.00 -2.00 9999.00
-3.00 -2.00 -2.00 1840.520 -2.00 -2.00 -3.00
-3.00 -2.00 -2.00 3057.984 -2.00 -2.00 -3.00
9999.00 -2.00 -2.00 3207.984 9999.00 9999.00 9999.00
-3.00 9999.00 9999.00 3245.484 9999.00 9999.00 9999.00
-5.00 -5.00 9999.00 3320.484 9999.00 5.00 9999.00
-5.00 -5.00 -6.00 3357.984 6.00 5.00 -3.00
-5.00 -5.00 -6.00 3828.886 6.00 5.00 -3.00
-5.00 -5.00 9999.00 3866.386 9999.00 5.00 9999.00
-3.00 9999.00 9999.00 3941.386 9999.00 9999.00 9999.00
9999.00 -2.00 -2.00 3978.886 9999.00 9999.00 9999.00
-3.00 -2.00 -2.00 4128.886 -2.00 -2.00 -3.00
-3.00 -2.00 -2.00 7273.408 -2.00 -2.00 -3.00
