       20.000  17.6973  9.3169
       40.000  35.3946  18.6338
       60.000  53.0920  27.9507
       80.000  70.7893  37.2676
      100.000  88.4866  46.5845
      120.000  106.1839  55.9014
      140.000  123.8813  65.2183
      160.000  141.5786  74.5352
      180.000  159.2759  83.8521
      200.000  176.9732  93.1691
      220.000  194.6704  102.4863
      240.000  212.3642  111.8098
      260.000  230.0495  121.1496
      280.000  247.7209  130.5156
      300.000  265.3729  139.9180
      320.000  283.0001  149.3669
      340.000  300.5970  158.8721
      360.000  318.1579  168.4437
      380.000  335.6770  178.0915
      400.000  353.1484  187.8254
      420.000  370.5662  197.6550
      440.000  387.9240  207.5899
      460.000  405.2156  217.6398
      480.000  422.4344  227.8139
      500.000  439.5735  238.1216
      520.000  456.6260  248.5719
      540.000  473.5846  259.1739
      560.000  490.4419  269.9363
      580.000  507.1900  280.8678
      600.000  523.8209  291.9767
      620.000  540.3264  303.2712
      640.000  556.6977  314.7592
      660.000  572.9260  326.4485
      680.000  589.0018  338.3464
      700.000  604.9158  350.4600
      720.000  620.6578  362.7962
      740.000  636.2177  375.3614
      760.000  651.5847  388.1616
      780.000  666.7479  401.2027
      800.000  681.6959  414.4898
      820.000  696.4169  428.0279
      840.000  710.8990  441.8214
      860.000  725.1296  455.8741
      880.000  739.0959  470.1895
      900.000  752.7847  484.7704
      920.000  766.1829  499.6189
      940.000  779.2815  514.7322
      960.000  792.0752  530.1045
      980.000  804.5590  545.7296
     1000.000  816.7278  561.6011
     1020.000  828.5767  577.7129
     1040.000  840.1011  594.0584
     1060.000  851.2962  610.6312
     1080.000  862.1577  627.4245
     1100.000  872.6812  644.4316
     1120.000  882.8624  661.6458
     1140.000  892.6974  679.0602
     1160.000  902.1821  696.6678
     1180.000  911.3128  714.4615
     1200.000  920.0858  732.4343
     1220.000  928.4976  750.5789
     1240.000  936.5449  768.8881
     1260.000  944.2244  787.3546
     1280.000  951.5331  805.9710
     1300.000  958.4680  824.7299
     1320.000  965.0264  843.6236
     1340.000  971.2056  862.6448
     1360.000  977.0032  881.7857
     1380.000  982.4168  901.0387
     1400.000  987.4443  920.3962
     1420.000  992.0836  939.8503
     1440.000  996.3330  959.3933
     1460.000  1000.1907  979.0174
     1480.000  1003.6552  998.7147
     1500.000  1006.7251  1018.4774
     1520.000  1009.3991  1038.2975
     1540.000  1011.6762  1058.1671
     1560.000  1013.5555  1078.0783
     1580.000  1015.0362  1098.0230
     1600.000  1016.1195  1117.9934
     1620.000  1016.8144  1137.9810
     1640.000  1017.1319  1157.9782
     1660.000  1017.0835  1177.9778
     1680.000  1016.6804  1197.9735
     1700.000  1015.9344  1217.9594
     1720.000  1014.8570  1237.9301
     1740.000  1013.4600  1257.8810
     1760.000  1011.7550  1277.8080
     1780.000  1009.7538  1297.7075
     1800.000  1007.4683  1317.5763
     1820.000  1004.9102  1337.4119
     1840.000  1002.0914  1357.2121
     1860.000  999.0236  1376.9753
     1880.000  995.7185  1396.7002
     1900.000  992.1880  1416.3860
     1920.000  988.4436  1436.0323
     1940.000  984.4971  1455.6390
     1960.000  980.3600  1475.2063
     1980.000  976.0439  1494.7350
     2000.000  971.5602  1514.2259
     2020.000  966.9205  1533.6802
     2040.000  962.1361  1553.0995
     2060.000  957.2184  1572.4854
     2080.000  952.1787  1591.8400
     2100.000  947.0281  1611.1654
     2120.000  941.7779  1630.4639
     2140.000  936.4393  1649.7382
     2160.000  931.0233  1668.9909
     2180.000  925.5411  1688.2249
     2200.000  920.0036  1707.4430
     2220.000  914.4220  1726.6484
     2240.000  908.8071  1745.8440
     2260.000  903.1700  1765.0332
     2280.000  897.5217  1784.2190
     2300.000  891.8714  1803.4043
     2320.000  886.2211  1822.5895
     2340.000  880.5708  1841.7748
     2360.000  874.9205  1860.9600
     2380.000  869.2702  1880.1453
     2400.000  863.6199  1899.3306
     2420.000  857.9696  1918.5158
     2440.000  852.3193  1937.7011
     2460.000  846.6690  1956.8863
     2480.000  841.0187  1976.0716
     2500.000  835.3685  1995.2568
     2520.000  829.7182  2014.4421
     2540.000  824.0679  2033.6274
     2560.000  818.4176  2052.8126
     2580.000  812.7673  2071.9979
     2600.000  807.1170  2091.1831
     2620.000  801.4667  2110.3684
     2640.000  795.8164  2129.5537
     2660.000  790.1661  2148.7389
     2680.000  784.5158  2167.9242
     2700.000  778.8655  2187.1094
     2720.000  773.2152  2206.2947
     2740.000  767.5649  2225.4799
     2760.000  761.9146  2244.6652
     2780.000  756.2643  2263.8505
     2800.000  750.6140  2283.0357
     2820.000  744.9637  2302.2210
     2840.000  739.3134  2321.4062
     2860.000  733.6631  2340.5915
     2880.000  728.0181  2359.7783
     2900.000  722.3990  2378.9727
     2920.000  716.8296  2398.1816
     2940.000  711.3336  2417.4116
     2960.000  705.9347  2436.6691
     2980.000  700.6567  2455.9601
     3000.000  695.5238  2475.2901
     3020.000  690.5600  2494.6643
     3040.000  685.7897  2514.0870
     3060.000  681.2371  2533.5618
     3080.000  676.9271  2553.0917
     3100.000  672.8842  2572.6787
     3120.000  669.1336  2592.3236
     3140.000  665.7001  2612.0265
     3160.000  662.6091  2631.7859
     3180.000  659.8859  2651.5993
     3200.000  657.5558  2671.4628
     3220.000  655.6443  2691.3708
     3240.000  654.1767  2711.3165
     3260.000  653.1783  2731.2911
     3280.000  652.6744  2751.2842
     3300.000  652.6899  2771.2836
     3320.000  653.2492  2791.2751
     3340.000  654.3767  2811.2426
     3360.000  656.0958  2831.1678
     3380.000  658.4241  2851.0310
     3400.000  661.3625  2870.8132
     3420.000  664.9080  2890.4956
     3440.000  669.0573  2910.0597
     3460.000  673.8066  2929.4868
     3480.000  679.1513  2948.7586
     3500.000  685.0863  2967.8569
     3520.000  691.6061  2986.7635
     3540.000  698.7044  3005.4606
     3560.000  706.3746  3023.9305
     3580.000  714.6094  3042.1557
     3600.000  723.4009  3060.1189
     3620.000  732.7410  3077.8031
     3640.000  742.6206  3095.1917
     3660.000  753.0305  3112.2680
     3680.000  763.9609  3129.0160
     3700.000  775.4013  3145.4199
     3720.000  787.3409  3161.4640
     3740.000  799.7685  3177.1332
     3760.000  812.6722  3192.4126
     3780.000  826.0399  3207.2879
     3800.000  839.8589  3221.7448
     3820.000  854.1162  3235.7698
     3840.000  868.7976  3249.3501
     3860.000  883.8808  3262.4829
     3880.000  899.3365  3275.1751
     3900.000  915.1371  3287.4356
     3920.000  931.2556  3299.2748
     3940.000  947.6671  3310.7049
     3960.000  964.3473  3321.7389
     3980.000  981.2738  3332.3916
     4000.000  998.4251  3342.6784
     4020.000  1015.7811  3352.6160
     4040.000  1033.3229  3362.2220
     4060.000  1051.0327  3371.5146
     4080.000  1068.8938  3380.5129
     4100.000  1086.8908  3389.2367
     4120.000  1105.0088  3397.7061
     4140.000  1123.2342  3405.9419
     4160.000  1141.5542  3413.9654
     4180.000  1159.9565  3421.7980
     4200.000  1178.4299  3429.4617
     4220.000  1196.9635  3436.9786
     4240.000  1215.5470  3444.3712
     4260.000  1234.1708  3451.6620
     4280.000  1252.8252  3458.8738
     4300.000  1271.5013  3466.0295
     4320.000  1290.1901  3473.1520
     4340.000  1308.8830  3480.2635
     4360.000  1327.5761  3487.3748
     4380.000  1346.2691  3494.4860
     4400.000  1364.9622  3501.5973
     4420.000  1383.6552  3508.7085
     4440.000  1402.3483  3515.8197
     4460.000  1421.0413  3522.9310
     4480.000  1439.7344  3530.0422
     4500.000  1458.4275  3537.1535
     4520.000  1477.1205  3544.2647
     4540.000  1495.8136  3551.3759
     4560.000  1514.5066  3558.4872
     4580.000  1533.1997  3565.5984
     4600.000  1551.8927  3572.7097
     4620.000  1570.5858  3579.8209
     4640.000  1589.2788  3586.9321
     4660.000  1607.9719  3594.0434
     4680.000  1626.6649  3601.1546
     4700.000  1645.3580  3608.2659
     4720.000  1664.0510  3615.3771
     4740.000  1682.7348  3622.5128
     4760.000  1701.3928  3629.7155
     4780.000  1720.0244  3636.9860
     4800.000  1738.6295  3644.3243
     4820.000  1757.2078  3651.7301
     4840.000  1775.7590  3659.2035
     4860.000  1794.2830  3666.7443
     4880.000  1812.7794  3674.3524
     4900.000  1831.2480  3682.0277
     4920.000  1849.6886  3689.7701
     4940.000  1868.1009  3697.5795
     4960.000  1886.4846  3705.4558
     4980.000  1904.8397  3713.3989
     5000.000  1923.1657  3721.4087
     5020.000  1941.4624  3729.4851
     5040.000  1959.7297  3737.6279
     5060.000  1977.9673  3745.8372
     5080.000  1996.1748  3754.1127
     5100.000  2014.3522  3762.4543
     5120.000  2032.4991  3770.8620
     5140.000  2050.6153  3779.3356
     5160.000  2068.7006  3787.8751
     5180.000  2086.7547  3796.4803
     5200.000  2104.7774  3805.1510
     5220.000  2122.7684  3813.8872
     5240.000  2140.7276  3822.6888
     5260.000  2158.6546  3831.5557
     5280.000  2176.5493  3840.4877
     5300.000  2194.4114  3849.4847
     5320.000  2212.2406  3858.5465
     5340.000  2230.0368  3867.6732
     5360.000  2247.7996  3876.8645
     5380.000  2265.5290  3886.1204
     5400.000  2283.2245  3895.4406
     5420.000  2300.8861  3904.8251
     5440.000  2318.5134  3914.2738
     5460.000  2336.1062  3923.7866
     5480.000  2353.6643  3933.3632
     5500.000  2371.1875  3943.0036
     5520.000  2388.6755  3952.7077
     5540.000  2406.1281  3962.4753
     5560.000  2423.5450  3972.3064
     5580.000  2440.9261  3982.2006
     5600.000  2458.2712  3992.1581
     5620.000  2475.5798  4002.1785
     5640.000  2492.8520  4012.2618
     5660.000  2510.0873  4022.4078
     5680.000  2527.2857  4032.6165
     5700.000  2544.4468  4042.8876
     5720.000  2561.5704  4053.2211
     5740.000  2578.6564  4063.6167
     5760.000  2595.7044  4074.0744
     5780.000  2612.7143  4084.5941
     5800.000  2629.6859  4095.1755
     5820.000  2646.6188  4105.8186
     5840.000  2663.5129  4116.5232
     5860.000  2680.3680  4127.2891
     5880.000  2697.1838  4138.1163
     5900.000  2713.9602  4149.0045
     5920.000  2730.6968  4159.9537
     5940.000  2747.3936  4170.9636
     5960.000  2764.0501  4182.0342
     5980.000  2780.6663  4193.1653
     6000.000  2797.2420  4204.3567
     6020.000  2813.7768  4215.6084
     6040.000  2830.2706  4226.9201
     6060.000  2846.7231  4238.2917
     6080.000  2863.1342  4249.7230
     6100.000  2879.5036  4261.2140
     6120.000  2895.8311  4272.7644
     6140.000  2912.1165  4284.3741
     6160.000  2928.3596  4296.0429
     6180.000  2944.5602  4307.7708
     6200.000  2960.7180  4319.5574
     6220.000  2976.8328  4331.4028
     6240.000  2992.9044  4343.3066
     6260.000  3008.9327  4355.2688
     6280.000  3024.9173  4367.2893
     6300.000  3040.8581  4379.3677
     6320.000  3056.7549  4391.5041
     6340.000  3072.6075  4403.6982
     6360.000  3088.4156  4415.9498
     6380.000  3104.1791  4428.2589
     6400.000  3119.8977  4440.6252
     6420.000  3135.5712  4453.0486
     6440.000  3151.1995  4465.5288
     6460.000  3166.7822  4478.0659
     6480.000  3182.3193  4490.6595
     6500.000  3197.8104  4503.3095
     6520.000  3213.2555  4516.0158
     6540.000  3228.6543  4528.7782
     6560.000  3244.0065  4541.5964
     6580.000  3259.3121  4554.4704
     6600.000  3274.5707  4567.4000
     6620.000  3289.7822  4580.3850
     6640.000  3304.9464  4593.4252
     6660.000  3320.0630  4606.5205
     6680.000  3335.1320  4619.6706
     6700.000  3350.1530  4632.8755
     6720.000  3365.1259  4646.1349
     6740.000  3380.0505  4659.4486
     6760.000  3394.9266  4672.8165
     6780.000  3409.7540  4686.2385
     6800.000  3424.5325  4699.7143
     6820.000  3439.2618  4713.2437
     6840.000  3453.9419  4726.8266
     6860.000  3468.5725  4740.4627
     6880.000  3483.1534  4754.1520
     6900.000  3497.6844  4767.8943
     6920.000  3512.1654  4781.6892
     6940.000  3526.5961  4795.5368
     6960.000  3540.9763  4809.4367
     6980.000  3555.3059  4823.3888
     7000.000  3569.5847  4837.3930
     7020.000  3583.8125  4851.4490
     7040.000  3597.9890  4865.5566
     7060.000  3612.1142  4879.7156
     7080.000  3626.1878  4893.9260
     7100.000  3640.2269  4908.1704
     7120.000  3654.2652  4922.4156
     7140.000  3668.3035  4936.6608
     7160.000  3682.3418  4950.9060
     7180.000  3696.3801  4965.1513
     7200.000  3710.4184  4979.3965
     7220.000  3724.4567  4993.6417
     7240.000  3738.4950  5007.8869
     7260.000  3752.5332  5022.1322
