HINTCAD5.8_SUP_SHUJU
-3.00 -2.00 -2.00 -1.000 -2.00 -2.00 -3.00
-3.00 -2.00 -2.00 153.530 -2.00 -2.00 -3.00
9999.00 9999.00 9999.00 267.815 -2.00 -2.00 9999.00
9999.00 9999.00 9999.00 296.387 9999.00 9999.00 -3.00
-3.00 5.00 5.00 353.530 -5.00 -5.00 -5.00
-3.00 5.00 5.00 2126.151 -5.00 -5.00 -5.00
9999.00 9999.00 9999.00 2183.294 9999.00 9999.00 -3.00
9999.00 9999.00 9999.00 2211.865 -2.00 -2.00 9999.00
-3.00 -2.00 -2.00 2326.151 -2.00 -2.00 -3.00
-3.00 -2.00 -2.00 2765.617 -2.00 -2.00 -3.00
9999.00 -2.00 -2.00 2878.117 9999.00 9999.00 9999.00
-3.00 9999.00 9999.00 2906.242 9999.00 9999.00 9999.00
-5.00 -5.00 9999.00 2962.492 9999.00 5.00 9999.00
-5.00 -5.00 -6.00 2990.617 6.00 5.00 -3.00
-5.00 -5.00 -6.00 4161.519 6.00 5.00 -3.00
-5.00 -5.00 9999.00 4189.644 9999.00 5.00 9999.00
-3.00 9999.00 9999.00 4245.894 9999.00 9999.00 9999.00
9999.00 -2.00 -2.00 4274.019 9999.00 9999.00 9999.00
-3.00 -2.00 -2.00 4386.519 -2.00 -2.00 -3.00
-3.00 -2.00 -2.00 7247.411 -2.00 -2.00 -3.00
