HINTCAD5.8_SUP_SHUJU
-3.00 -2.00 -2.00 -1.000 -2.00 -2.00 -3.00
-3.00 -2.00 -2.00 753.530 -2.00 -2.00 -3.00
9999.00 9999.00 9999.00 867.815 -2.00 -2.00 9999.00
9999.00 9999.00 9999.00 896.387 9999.00 9999.00 -3.00
-3.00 5.00 5.00 953.530 -5.00 -5.00 -5.00
-3.00 5.00 5.00 1526.151 -5.00 -5.00 -5.00
9999.00 9999.00 9999.00 1583.294 9999.00 9999.00 -3.00
9999.00 9999.00 9999.00 1611.865 -2.00 -2.00 9999.00
-3.00 -2.00 -2.00 1726.151 -2.00 -2.00 -3.00
-3.00 -2.00 -2.00 3190.617 -2.00 -2.00 -3.00
9999.00 -2.00 -2.00 3303.117 9999.00 9999.00 9999.00
-3.00 9999.00 9999.00 3331.242 9999.00 9999.00 9999.00
-5.00 -5.00 9999.00 3387.492 9999.00 5.00 9999.00
-5.00 -5.00 -6.00 3415.617 6.00 5.00 -3.00
-5.00 -5.00 -6.00 3736.519 6.00 5.00 -3.00
-5.00 -5.00 9999.00 3764.644 9999.00 5.00 9999.00
-3.00 9999.00 9999.00 3820.894 9999.00 9999.00 9999.00
9999.00 -2.00 -2.00 3849.019 9999.00 9999.00 9999.00
-3.00 -2.00 -2.00 3961.519 -2.00 -2.00 -3.00
-3.00 -2.00 -2.00 7247.411 -2.00 -2.00 -3.00
