HINTCAD5.8_SUP_SHUJU
-3.00 -2.00 -2.00 -1.000 -2.00 -2.00 -3.00
-3.00 -2.00 -2.00 153.530 -2.00 -2.00 -3.00
9999.00 9999.00 9999.00 302.101 -2.00 -2.00 9999.00
9999.00 9999.00 9999.00 339.244 9999.00 9999.00 -3.00
-3.00 5.00 5.00 413.530 -5.00 -5.00 -5.00
-3.00 5.00 5.00 2066.151 -5.00 -5.00 -5.00
9999.00 9999.00 9999.00 2140.437 9999.00 9999.00 -3.00
9999.00 9999.00 9999.00 2177.580 -2.00 -2.00 9999.00
-3.00 -2.00 -2.00 2326.151 -2.00 -2.00 -3.00
-3.00 -2.00 -2.00 2765.617 -2.00 -2.00 -3.00
9999.00 -2.00 -2.00 2915.617 9999.00 9999.00 9999.00
-3.00 9999.00 9999.00 2953.117 9999.00 9999.00 9999.00
-5.00 -5.00 9999.00 3028.117 9999.00 5.00 9999.00
-5.00 -5.00 -6.00 3065.617 6.00 5.00 -3.00
-5.00 -5.00 -6.00 4086.519 6.00 5.00 -3.00
-5.00 -5.00 9999.00 4124.019 9999.00 5.00 9999.00
-3.00 9999.00 9999.00 4199.019 9999.00 9999.00 9999.00
9999.00 -2.00 -2.00 4236.519 9999.00 9999.00 9999.00
-3.00 -2.00 -2.00 4386.519 -2.00 -2.00 -3.00
-3.00 -2.00 -2.00 7247.411 -2.00 -2.00 -3.00
