HINTCAD5.8_SUP_SHUJU
-3.00 -2.00 -2.00 -1.000 -2.00 -2.00 -3.00
-3.00 -2.00 -2.00 693.530 -2.00 -2.00 -3.00
9999.00 9999.00 9999.00 842.101 -2.00 -2.00 9999.00
9999.00 9999.00 9999.00 879.244 9999.00 9999.00 -3.00
-3.00 5.00 5.00 953.530 -5.00 -5.00 -5.00
-3.00 5.00 5.00 1526.151 -5.00 -5.00 -5.00
9999.00 9999.00 9999.00 1600.437 9999.00 9999.00 -3.00
9999.00 9999.00 9999.00 1637.580 -2.00 -2.00 9999.00
-3.00 -2.00 -2.00 1786.151 -2.00 -2.00 -3.00
-3.00 -2.00 -2.00 3115.617 -2.00 -2.00 -3.00
9999.00 -2.00 -2.00 3265.617 9999.00 9999.00 9999.00
-3.00 9999.00 9999.00 3303.117 9999.00 9999.00 9999.00
-5.00 -5.00 9999.00 3378.117 9999.00 5.00 9999.00
-5.00 -5.00 -6.00 3415.617 6.00 5.00 -3.00
-5.00 -5.00 -6.00 3736.519 6.00 5.00 -3.00
-5.00 -5.00 9999.00 3774.019 9999.00 5.00 9999.00
-3.00 9999.00 9999.00 3849.019 9999.00 9999.00 9999.00
9999.00 -2.00 -2.00 3886.519 9999.00 9999.00 9999.00
-3.00 -2.00 -2.00 4036.519 -2.00 -2.00 -3.00
-3.00 -2.00 -2.00 7247.411 -2.00 -2.00 -3.00
