       20.000  17.6973  9.3169
       40.000  35.3946  18.6338
       60.000  53.0920  27.9507
       80.000  70.7893  37.2676
      100.000  88.4866  46.5845
      120.000  106.1839  55.9014
      140.000  123.8813  65.2183
      160.000  141.5786  74.5353
      180.000  159.2741  83.8556
      200.000  176.9635  93.1875
      220.000  194.6420  102.5401
      240.000  212.3050  111.9220
      260.000  229.9476  121.3420
      280.000  247.5651  130.8090
      300.000  265.1526  140.3316
      320.000  282.7050  149.9186
      340.000  300.2175  159.5785
      360.000  317.6847  169.3200
      380.000  335.1014  179.1515
      400.000  352.4621  189.0814
      420.000  369.7613  199.1181
      440.000  386.9933  209.2699
      460.000  404.1521  219.5447
      480.000  421.2317  229.9508
      500.000  438.2258  240.4959
      520.000  455.1278  251.1878
      540.000  471.9313  262.0341
      560.000  488.6291  273.0422
      580.000  505.2142  284.2194
      600.000  521.6792  295.5728
      620.000  538.0165  307.1093
      640.000  554.2181  318.8355
      660.000  570.2758  330.7579
      680.000  586.1814  342.8826
      700.000  601.9259  355.2156
      720.000  617.5005  367.7625
      740.000  632.8959  380.5287
      760.000  648.1024  393.5193
      780.000  663.1102  406.7389
      800.000  677.9091  420.1919
      820.000  692.4887  433.8823
      840.000  706.8381  447.8137
      860.000  720.9463  461.9893
      880.000  734.8020  476.4118
      900.000  748.3935  491.0836
      920.000  761.7087  506.0065
      940.000  774.7357  521.1817
      960.000  787.4617  536.6100
      980.000  799.8771  552.2895
     1000.000  811.9764  568.2141
     1020.000  823.7549  584.3775
     1040.000  835.2077  600.7732
     1060.000  846.3303  617.3947
     1080.000  857.1184  634.2352
     1100.000  867.5674  651.2882
     1120.000  877.6734  668.5467
     1140.000  887.4322  686.0039
     1160.000  896.8399  703.6527
     1180.000  905.8927  721.4862
     1200.000  914.5872  739.4971
     1220.000  922.9196  757.6783
     1240.000  930.8869  776.0226
     1260.000  938.4856  794.5224
     1280.000  945.7129  813.1706
     1300.000  952.5658  831.9595
     1320.000  959.0415  850.8818
     1340.000  965.1376  869.9297
     1360.000  970.8515  889.0958
     1380.000  976.1809  908.3723
     1400.000  981.1238  927.7515
     1420.000  985.6782  947.2257
     1440.000  989.8421  966.7871
     1460.000  993.6141  986.4279
     1480.000  996.9925  1006.1401
     1500.000  999.9760  1025.9160
     1520.000  1002.5634  1045.7476
     1540.000  1004.7542  1065.6269
     1560.000  1006.5540  1085.5454
     1580.000  1007.9720  1105.4948
     1600.000  1009.0176  1125.4672
     1620.000  1009.7005  1145.4553
     1640.000  1010.0304  1165.4523
     1660.000  1010.0173  1185.4520
     1680.000  1009.6711  1205.4488
     1700.000  1009.0019  1225.4374
     1720.000  1008.0200  1245.4131
     1740.000  1006.7355  1265.3716
     1760.000  1005.1586  1285.3092
     1780.000  1003.2997  1305.2225
     1800.000  1001.1691  1325.1085
     1820.000  998.7772  1344.9648
     1840.000  996.1341  1364.7893
     1860.000  993.2504  1384.5801
     1880.000  990.1361  1404.3361
     1900.000  986.8018  1424.0561
     1920.000  983.2575  1443.7394
     1940.000  979.5136  1463.3858
     1960.000  975.5801  1482.9951
     1980.000  971.4674  1502.5676
     2000.000  967.1854  1522.1038
     2020.000  962.7442  1541.6044
     2040.000  958.1540  1561.0705
     2060.000  953.4246  1580.5032
     2080.000  948.5660  1599.9040
     2100.000  943.5881  1619.2746
     2120.000  938.5007  1638.6168
     2140.000  933.3138  1657.9324
     2160.000  928.0370  1677.2237
     2180.000  922.6801  1696.4930
     2200.000  917.2529  1715.7425
     2220.000  911.7650  1734.9748
     2240.000  906.2260  1754.1925
     2260.000  900.6457  1773.3982
     2280.000  895.0336  1792.5947
     2300.000  889.3994  1811.7847
     2320.000  883.7526  1830.9710
     2340.000  878.1024  1850.1563
     2360.000  872.4521  1869.3415
     2380.000  866.8018  1888.5268
     2400.000  861.1515  1907.7121
     2420.000  855.5012  1926.8973
     2440.000  849.8509  1946.0826
     2460.000  844.2006  1965.2678
     2480.000  838.5503  1984.4531
     2500.000  832.9000  2003.6383
     2520.000  827.2497  2022.8236
     2540.000  821.5994  2042.0089
     2560.000  815.9491  2061.1941
     2580.000  810.2988  2080.3794
     2600.000  804.6485  2099.5646
     2620.000  798.9982  2118.7499
     2640.000  793.3479  2137.9352
     2660.000  787.6976  2157.1204
     2680.000  782.0473  2176.3057
     2700.000  776.3970  2195.4909
     2720.000  770.7467  2214.6762
     2740.000  765.0964  2233.8614
     2760.000  759.4461  2253.0467
     2780.000  753.7970  2272.2323
     2800.000  748.1609  2291.4217
     2820.000  742.5561  2310.6203
     2840.000  737.0008  2329.8333
     2860.000  731.5131  2349.0657
     2880.000  726.1114  2368.3224
     2900.000  720.8141  2387.6081
     2920.000  715.6396  2406.9270
     2940.000  710.6063  2426.2833
     2960.000  705.7331  2445.6804
     2980.000  701.0385  2465.1216
     3000.000  696.5415  2484.6093
     3020.000  692.2609  2504.1458
     3040.000  688.2159  2523.7323
     3060.000  684.4257  2543.3697
     3080.000  680.9095  2563.0580
     3100.000  677.6866  2582.7965
     3120.000  674.7766  2602.5834
     3140.000  672.1989  2622.4164
     3160.000  669.9731  2642.2918
     3180.000  668.1187  2662.2054
     3200.000  666.6553  2682.1514
     3220.000  665.6023  2702.1233
     3240.000  664.9791  2722.1132
     3260.000  664.8049  2742.1120
     3280.000  665.0987  2762.1094
     3300.000  665.8794  2782.0936
     3320.000  667.1652  2802.0517
     3340.000  668.9743  2821.9691
     3360.000  671.3242  2841.8299
     3380.000  674.2319  2861.6167
     3400.000  677.7138  2881.3106
     3420.000  681.7853  2900.8910
     3440.000  686.4559  2920.3372
     3460.000  691.7225  2939.6305
     3480.000  697.5801  2958.7526
     3500.000  704.0232  2977.6855
     3520.000  711.0458  2996.4112
     3540.000  718.6411  3014.9120
     3560.000  726.8020  3033.1704
     3580.000  735.5207  3051.1691
     3600.000  744.7890  3068.8910
     3620.000  754.5982  3086.3194
     3640.000  764.9389  3103.4378
     3660.000  775.8013  3120.2299
     3680.000  787.1751  3136.6800
     3700.000  799.0497  3152.7723
     3720.000  811.4137  3168.4917
     3740.000  824.2555  3183.8233
     3760.000  837.5590  3198.7560
     3780.000  851.2996  3213.2876
     3800.000  865.4517  3227.4189
     3820.000  879.9906  3241.1518
     3840.000  894.8926  3254.4900
     3860.000  910.1347  3267.4383
     3880.000  925.6947  3280.0027
     3900.000  941.5516  3292.1905
     3920.000  957.6849  3304.0099
     3940.000  974.0753  3315.4702
     3960.000  990.7043  3326.5816
     3980.000  1007.5543  3337.3549
     4000.000  1024.6085  3347.8021
     4020.000  1041.8510  3357.9355
     4040.000  1059.2667  3367.7682
     4060.000  1076.8414  3377.3140
     4080.000  1094.5615  3386.5870
     4100.000  1112.4144  3395.6020
     4120.000  1130.3879  3404.3740
     4140.000  1148.4706  3412.9185
     4160.000  1166.6519  3421.2515
     4180.000  1184.9214  3429.3890
     4200.000  1203.2697  3437.3476
     4220.000  1221.6875  3445.1438
     4240.000  1240.1662  3452.7947
     4260.000  1258.6976  3460.3172
     4280.000  1277.2736  3467.7285
     4300.000  1295.8869  3475.0462
     4320.000  1314.5299  3482.2875
     4340.000  1333.1956  3489.4701
     4360.000  1351.8772  3496.6116
     4380.000  1370.5676  3503.7296
     4400.000  1389.2607  3510.8409
     4420.000  1407.9537  3517.9521
     4440.000  1426.6468  3525.0634
     4460.000  1445.3398  3532.1746
     4480.000  1464.0329  3539.2859
     4500.000  1482.7259  3546.3971
     4520.000  1501.4190  3553.5084
     4540.000  1520.1120  3560.6196
     4560.000  1538.8051  3567.7308
     4580.000  1557.4981  3574.8421
     4600.000  1576.1912  3581.9533
     4620.000  1594.8842  3589.0646
     4640.000  1613.5773  3596.1758
     4660.000  1632.2703  3603.2870
     4680.000  1650.9634  3610.3983
     4700.000  1669.6562  3617.5103
     4720.000  1688.3324  3624.6655
     4740.000  1706.9825  3631.8886
     4760.000  1725.6063  3639.1794
     4780.000  1744.2033  3646.5380
     4800.000  1762.7735  3653.9641
     4820.000  1781.3166  3661.4577
     4840.000  1799.8323  3669.0186
     4860.000  1818.3204  3676.6469
     4880.000  1836.7806  3684.3423
     4900.000  1855.2128  3692.1048
     4920.000  1873.6165  3699.9343
     4940.000  1891.9917  3707.8306
     4960.000  1910.3381  3715.7937
     4980.000  1928.6553  3723.8235
     5000.000  1946.9433  3731.9198
     5020.000  1965.2017  3740.0826
     5040.000  1983.4302  3748.3117
     5060.000  2001.6288  3756.6071
     5080.000  2019.7970  3764.9686
     5100.000  2037.9348  3773.3960
     5120.000  2056.0417  3781.8894
     5140.000  2074.1177  3790.4486
     5160.000  2092.1624  3799.0734
     5180.000  2110.1756  3807.7638
     5200.000  2128.1571  3816.5197
     5220.000  2146.1067  3825.3409
     5240.000  2164.0240  3834.2273
     5260.000  2181.9090  3843.1787
     5280.000  2199.7612  3852.1952
     5300.000  2217.5806  3861.2765
     5320.000  2235.3668  3870.4226
     5340.000  2253.1196  3879.6333
     5360.000  2270.8388  3888.9084
     5380.000  2288.5242  3898.2480
     5400.000  2306.1755  3907.6517
     5420.000  2323.7925  3917.1197
     5440.000  2341.3749  3926.6516
     5460.000  2358.9226  3936.2474
     5480.000  2376.4352  3945.9069
     5500.000  2393.9126  3955.6300
     5520.000  2411.3546  3965.4167
     5540.000  2428.7608  3975.2667
     5560.000  2446.1311  3985.1799
     5580.000  2463.4653  3995.1562
     5600.000  2480.7630  4005.1955
     5620.000  2498.0241  4015.2977
     5640.000  2515.2484  4025.4625
     5660.000  2532.4356  4035.6899
     5680.000  2549.5855  4045.9797
     5700.000  2566.6979  4056.3318
     5720.000  2583.7725  4066.7461
     5740.000  2600.8091  4077.2224
     5760.000  2617.8075  4087.7606
     5780.000  2634.7675  4098.3605
     5800.000  2651.6889  4109.0221
     5820.000  2668.5713  4119.7451
     5840.000  2685.4146  4130.5294
     5860.000  2702.2187  4141.3749
     5880.000  2718.9831  4152.2814
     5900.000  2735.7078  4163.2488
     5920.000  2752.3925  4174.2769
     5940.000  2769.0370  4185.3657
     5960.000  2785.6411  4196.5149
     5980.000  2802.2045  4207.7244
     6000.000  2818.7270  4218.9941
     6020.000  2835.2085  4230.3238
     6040.000  2851.6486  4241.7133
     6060.000  2868.0472  4253.1625
     6080.000  2884.4041  4264.6713
     6100.000  2900.7190  4276.2395
     6120.000  2916.9917  4287.8670
     6140.000  2933.2221  4299.5535
     6160.000  2949.4098  4311.2990
     6180.000  2965.5548  4323.1033
     6200.000  2981.6567  4334.9662
     6220.000  2997.7153  4346.8875
     6240.000  3013.7305  4358.8672
     6260.000  3029.7020  4370.9051
     6280.000  3045.6297  4383.0009
     6300.000  3061.5132  4395.1546
     6320.000  3077.3525  4407.3660
     6340.000  3093.1472  4419.6349
     6360.000  3108.8973  4431.9611
     6380.000  3124.6024  4444.3445
     6400.000  3140.2623  4456.7850
     6420.000  3155.8770  4469.2823
     6440.000  3171.4461  4481.8363
     6460.000  3186.9694  4494.4469
     6480.000  3202.4467  4507.1138
     6500.000  3217.8779  4519.8369
     6520.000  3233.2628  4532.6160
     6540.000  3248.6010  4545.4510
     6560.000  3263.8925  4558.3417
     6580.000  3279.1371  4571.2880
     6600.000  3294.3344  4584.2895
     6620.000  3309.4843  4597.3462
     6640.000  3324.5867  4610.4580
     6660.000  3339.6413  4623.6246
     6680.000  3354.6479  4636.8458
     6700.000  3369.6064  4650.1215
     6720.000  3384.5165  4663.4515
     6740.000  3399.3780  4676.8357
     6760.000  3414.1907  4690.2738
     6780.000  3428.9545  4703.7656
     6800.000  3443.6691  4717.3111
     6820.000  3458.3343  4730.9100
     6840.000  3472.9500  4744.5621
     6860.000  3487.5160  4758.2673
     6880.000  3502.0320  4772.0254
     6900.000  3516.4979  4785.8361
     6920.000  3530.9135  4799.6994
     6940.000  3545.2786  4813.6150
     6960.000  3559.5930  4827.5827
     6980.000  3573.8565  4841.6025
     7000.000  3588.0689  4855.6739
     7020.000  3602.2301  4869.7970
     7040.000  3616.3398  4883.9715
     7060.000  3630.3983  4898.1968
     7080.000  3644.4365  4912.4420
     7100.000  3658.4748  4926.6872
     7120.000  3672.5131  4940.9325
     7140.000  3686.5514  4955.1777
     7160.000  3700.5897  4969.4229
     7180.000  3714.6280  4983.6681
     7200.000  3728.6663  4997.9134
     7220.000  3742.7046  5012.1586
     7240.000  3756.7429  5026.4038
