HINTCAD5.8_SUP_SHUJU  ½üÖ±Ïß
-3.00 -2.00 -2.00 -1.000 -2.00 -2.00 -3.00
-3.00 -2.00 -2.00 411.151 -2.00 -2.00 -3.00
9999.00 9999.00 9999.00 571.151 -2.00 -2.00 9999.00
9999.00 9999.00 9999.00 611.151 9999.00 9999.00 -3.00
-3.00 4.00 4.00 651.151 -4.00 -4.00 -4.00
-3.00 4.00 4.00 1917.097 -4.00 -4.00 -4.00
9999.00 9999.00 9999.00 1957.097 9999.00 9999.00 -3.00
9999.00 9999.00 9999.00 1997.097 -2.00 -2.00 9999.00
-3.00 -2.00 -2.00 2157.097 -2.00 -2.00 -3.00
-3.00 -2.00 -2.00 2560.725 -2.00 -2.00 -3.00
9999.00 -2.00 -2.00 2720.725 9999.00 9999.00 9999.00
-3.00 -3.00 -3.00 2760.725 3.00 3.00 -3.00
-3.00 -3.00 -3.00 4571.896 3.00 3.00 -3.00
9999.00 -2.00 -2.00 4611.896 9999.00 9999.00 9999.00
-3.00 -2.00 -2.00 4771.896 -2.00 -2.00 -3.00
-3.00 -2.00 -2.00 5303.044 -2.00 -2.00 -3.00
9999.00 9999.00 9999.00 5463.044 -2.00 -2.00 9999.00
9999.00 9999.00 9999.00 5503.044 9999.00 9999.00 -3.00
-3.00 4.00 4.00 5543.044 -4.00 -4.00 -4.00
-3.00 4.00 4.00 6769.396 -4.00 -4.00 -4.00
9999.00 9999.00 9999.00 6809.396 9999.00 9999.00 -3.00
9999.00 9999.00 9999.00 6849.396 -2.00 -2.00 9999.00
-3.00 -2.00 -2.00 7009.396 -2.00 -2.00 -3.00
-3.00 -2.00 -2.00 7052.829 -2.00 -2.00 -3.00
