HINTCAD5.8_SUP_SHUJU  ½üÇúÏß
-3.00 -2.00 -2.00 -1.000 -2.00 -2.00 -3.00
-3.00 -2.00 -2.00 971.151 -2.00 -2.00 -3.00
9999.00 9999.00 9999.00 1131.151 -2.00 -2.00 9999.00
9999.00 9999.00 9999.00 1171.151 9999.00 9999.00 -3.00
-3.00 4.00 4.00 1211.151 -4.00 -4.00 -4.00
-3.00 4.00 4.00 1357.097 -4.00 -4.00 -4.00
9999.00 9999.00 9999.00 1397.097 9999.00 9999.00 -3.00
9999.00 9999.00 9999.00 1437.097 -2.00 -2.00 9999.00
-3.00 -2.00 -2.00 1597.097 -2.00 -2.00 -3.00
-3.00 -2.00 -2.00 3360.725 -2.00 -2.00 -3.00
9999.00 -2.00 -2.00 3520.725 9999.00 9999.00 9999.00
-3.00 -3.00 -3.00 3560.725 3.00 3.00 -3.00
-3.00 -3.00 -3.00 3771.896 3.00 3.00 -3.00
9999.00 -2.00 -2.00 3811.896 9999.00 9999.00 9999.00
-3.00 -2.00 -2.00 3971.896 -2.00 -2.00 -3.00
-3.00 -2.00 -2.00 5863.044 -2.00 -2.00 -3.00
9999.00 9999.00 9999.00 6023.044 -2.00 -2.00 9999.00
9999.00 9999.00 9999.00 6063.044 9999.00 9999.00 -3.00
-3.00 4.00 4.00 6103.044 -4.00 -4.00 -4.00
-3.00 4.00 4.00 6209.396 -4.00 -4.00 -4.00
9999.00 9999.00 9999.00 6249.396 9999.00 9999.00 -3.00
9999.00 9999.00 9999.00 6289.396 -2.00 -2.00 9999.00
-3.00 -2.00 -2.00 6449.396 -2.00 -2.00 -3.00
-3.00 -2.00 -2.00 7052.829 -2.00 -2.00 -3.00
