       20.000  18.5164  7.5593
       40.000  37.0328  15.1186
       60.000  55.5492  22.6779
       80.000  74.0656  30.2372
      100.000  92.5820  37.7966
      120.000  111.0984  45.3559
      140.000  129.6147  52.9152
      160.000  148.1311  60.4745
      180.000  166.6475  68.0338
      200.000  185.1639  75.5931
      220.000  203.6803  83.1524
      240.000  222.1967  90.7117
      260.000  240.7131  98.2711
      280.000  259.2295  105.8304
      300.000  277.7459  113.3897
      320.000  296.2623  120.9490
      340.000  314.7787  128.5083
      360.000  333.2951  136.0676
      380.000  351.8115  143.6269
      400.000  370.3279  151.1862
      420.000  388.8442  158.7457
      440.000  407.3587  166.3095
      460.000  425.8678  173.8867
      480.000  444.3677  181.4864
      500.000  462.8544  189.1180
      520.000  481.3241  196.7906
      540.000  499.7729  204.5135
      560.000  518.1967  212.2957
      580.000  536.5914  220.1465
      600.000  554.9528  228.0748
      620.000  573.2765  236.0898
      640.000  591.5582  244.2002
      660.000  609.7931  252.4152
      680.000  627.9766  260.7434
      700.000  646.1037  269.1937
      720.000  664.1693  277.7746
      740.000  682.1681  286.4948
      760.000  700.0946  295.3626
      780.000  717.9431  304.3864
      800.000  735.7076  313.5744
      820.000  753.3819  322.9347
      840.000  770.9596  332.4751
      860.000  788.4341  342.2035
      880.000  805.7982  352.1273
      900.000  823.0449  362.2539
      920.000  840.1664  372.5905
      940.000  857.1551  383.1441
      960.000  874.0028  393.9214
      980.000  890.7010  404.9288
     1000.000  907.2410  416.1726
     1020.000  923.6137  427.6586
     1040.000  939.8096  439.3925
     1060.000  955.8191  451.3795
     1080.000  971.6320  463.6246
     1100.000  987.2379  476.1325
     1120.000  1002.6261  488.9071
     1140.000  1017.7855  501.9525
     1160.000  1032.7047  515.2719
     1180.000  1047.3720  528.8682
     1200.000  1061.7752  542.7439
     1220.000  1075.9020  556.9008
     1240.000  1089.7432  571.3372
     1260.000  1103.2928  586.0476
     1280.000  1116.5455  601.0259
     1300.000  1129.4961  616.2663
     1320.000  1142.1393  631.7627
     1340.000  1154.4700  647.5088
     1360.000  1166.4834  663.4983
     1380.000  1178.1766  679.7235
     1400.000  1189.5524  696.1727
     1420.000  1200.6149  712.8344
     1440.000  1211.3685  729.6970
     1460.000  1221.8181  746.7497
     1480.000  1231.9690  763.9820
     1500.000  1241.8267  781.3836
     1520.000  1251.3972  798.9448
     1540.000  1260.6869  816.6562
     1560.000  1269.7022  834.5089
     1580.000  1278.4500  852.4941
     1600.000  1286.9375  870.6037
     1620.000  1295.1719  888.8297
     1640.000  1303.1608  907.1646
     1660.000  1310.9121  925.6014
     1680.000  1318.4337  944.1330
     1700.000  1325.7337  962.7530
     1720.000  1332.8205  981.4552
     1740.000  1339.7025  1000.2338
     1760.000  1346.3883  1019.0831
     1780.000  1352.8866  1037.9979
     1800.000  1359.2064  1056.9731
     1820.000  1365.3565  1076.0039
     1840.000  1371.3460  1095.0860
     1860.000  1377.1840  1114.2149
     1880.000  1382.8798  1133.3866
     1900.000  1388.4427  1152.5974
     1920.000  1393.8820  1171.8435
     1940.000  1399.2071  1191.1215
     1960.000  1404.4275  1210.4282
     1980.000  1409.5527  1229.7603
     2000.000  1414.5923  1249.1149
     2020.000  1419.5558  1268.4892
     2040.000  1424.4529  1287.8804
     2060.000  1429.2931  1307.2859
     2080.000  1434.0863  1326.7030
     2100.000  1438.8421  1346.1293
     2120.000  1443.5701  1365.5625
     2140.000  1448.2801  1384.9999
     2160.000  1452.9817  1404.4394
     2180.000  1457.6824  1423.8792
     2200.000  1462.3831  1443.3189
     2220.000  1467.0837  1462.7587
     2240.000  1471.7844  1482.1984
     2260.000  1476.4850  1501.6382
     2280.000  1481.1857  1521.0779
     2300.000  1485.8863  1540.5177
     2320.000  1490.5870  1559.9574
     2340.000  1495.2877  1579.3972
     2360.000  1499.9883  1598.8369
     2380.000  1504.6890  1618.2767
     2400.000  1509.3896  1637.7164
     2420.000  1514.0903  1657.1562
     2440.000  1518.7910  1676.5959
     2460.000  1523.4916  1696.0357
     2480.000  1528.1923  1715.4754
     2500.000  1532.8929  1734.9152
     2520.000  1537.5936  1754.3549
     2540.000  1542.2942  1773.7947
     2560.000  1546.9949  1793.2344
     2580.000  1551.6963  1812.6740
     2600.000  1556.4028  1832.1123
     2620.000  1561.1194  1851.5482
     2640.000  1565.8513  1870.9804
     2660.000  1570.6038  1890.4075
     2680.000  1575.3821  1909.8283
     2700.000  1580.1911  1929.2415
     2720.000  1585.0363  1948.6458
     2740.000  1589.9226  1968.0397
     2760.000  1594.8553  1987.4218
     2780.000  1599.8394  2006.7908
     2800.000  1604.8802  2026.1452
     2820.000  1609.9827  2045.4833
     2840.000  1615.1520  2064.8037
     2860.000  1620.3932  2084.1047
     2880.000  1625.7114  2103.3847
     2900.000  1631.1116  2122.6418
     2920.000  1636.5989  2141.8743
     2940.000  1642.1782  2161.0803
     2960.000  1647.8546  2180.2579
     2980.000  1653.6330  2199.4049
     3000.000  1659.5183  2218.5193
     3020.000  1665.5155  2237.5990
     3040.000  1671.6295  2256.6415
     3060.000  1677.8649  2275.6446
     3080.000  1684.2268  2294.6058
     3100.000  1690.7197  2313.5224
     3120.000  1697.3486  2332.3919
     3140.000  1704.1179  2351.2114
     3160.000  1711.0324  2369.9781
     3180.000  1718.0966  2388.6889
     3200.000  1725.3151  2407.3407
     3220.000  1732.6923  2425.9304
     3240.000  1740.2326  2444.4544
     3260.000  1747.9404  2462.9094
     3280.000  1755.8199  2481.2918
     3300.000  1763.8753  2499.5977
     3320.000  1772.1108  2517.8233
     3340.000  1780.5303  2535.9647
     3360.000  1789.1379  2554.0175
     3380.000  1797.9374  2571.9776
     3400.000  1806.9325  2589.8405
     3420.000  1816.1270  2607.6017
     3440.000  1825.5243  2625.2563
     3460.000  1835.1280  2642.7995
     3480.000  1844.9413  2660.2263
     3500.000  1854.9675  2677.5315
     3520.000  1865.2096  2694.7098
     3540.000  1875.6705  2711.7557
     3560.000  1886.3532  2728.6636
     3580.000  1897.2595  2745.4280
     3600.000  1908.3883  2762.0456
     3620.000  1919.7377  2778.5133
     3640.000  1931.3057  2794.8282
     3660.000  1943.0902  2810.9874
     3680.000  1955.0890  2826.9881
     3700.000  1967.3002  2842.8273
     3720.000  1979.7214  2858.5024
     3740.000  1992.3505  2874.0104
     3760.000  2005.1853  2889.3487
     3780.000  2018.2234  2904.5145
     3800.000  2031.4607  2919.5067
     3820.000  2044.8913  2934.3262
     3840.000  2058.5088  2948.9739
     3860.000  2072.3073  2963.4514
     3880.000  2086.2808  2977.7600
     3900.000  2100.4235  2991.9014
     3920.000  2114.7296  3005.8775
     3940.000  2129.1936  3019.6902
     3960.000  2143.8098  3033.3416
     3980.000  2158.5730  3046.8340
     4000.000  2173.4778  3060.1698
     4020.000  2188.5191  3073.3514
     4040.000  2203.6918  3086.3816
     4060.000  2218.9909  3099.2632
     4080.000  2234.4116  3111.9989
     4100.000  2249.9491  3124.5919
     4120.000  2265.5989  3137.0451
     4140.000  2281.3562  3149.3619
     4160.000  2297.2168  3161.5454
     4180.000  2313.1763  3173.5992
     4200.000  2329.2304  3185.5266
     4220.000  2345.3750  3197.3313
     4240.000  2361.6060  3209.0169
     4260.000  2377.9195  3220.5870
     4280.000  2394.3116  3232.0456
     4300.000  2410.7785  3243.3963
     4320.000  2427.3164  3254.6433
     4340.000  2443.9219  3265.7904
     4360.000  2460.5912  3276.8417
     4380.000  2477.3210  3287.8013
     4400.000  2494.1079  3298.6734
     4420.000  2510.9484  3309.4620
     4440.000  2527.8394  3320.1715
     4460.000  2544.7776  3330.8062
     4480.000  2561.7599  3341.3704
     4500.000  2578.7832  3351.8683
     4520.000  2595.8444  3362.3045
     4540.000  2612.9406  3372.6833
     4560.000  2630.0688  3383.0093
     4580.000  2647.2261  3393.2868
     4600.000  2664.4097  3403.5203
     4620.000  2681.6166  3413.7145
     4640.000  2698.8442  3423.8737
     4660.000  2716.0896  3434.0027
     4680.000  2733.3501  3444.1059
     4700.000  2750.6230  3454.1880
     4720.000  2767.9055  3464.2535
     4740.000  2785.1950  3474.3070
     4760.000  2802.4887  3484.3532
     4780.000  2819.7841  3494.3966
     4800.000  2837.0796  3504.4399
     4820.000  2854.3750  3514.4831
     4840.000  2871.6705  3524.5263
     4860.000  2888.9660  3534.5696
     4880.000  2906.2615  3544.6128
     4900.000  2923.5569  3554.6560
     4920.000  2940.8524  3564.6993
     4940.000  2958.1479  3574.7425
     4960.000  2975.4434  3584.7857
     4980.000  2992.7388  3594.8290
     5000.000  3010.0343  3604.8722
     5020.000  3027.3298  3614.9154
     5040.000  3044.6253  3624.9587
     5060.000  3061.9207  3635.0019
     5080.000  3079.2162  3645.0452
     5100.000  3096.5117  3655.0884
     5120.000  3113.8072  3665.1316
     5140.000  3131.1026  3675.1749
     5160.000  3148.3981  3685.2181
     5180.000  3165.6936  3695.2613
     5200.000  3182.9891  3705.3046
     5220.000  3200.2845  3715.3478
     5240.000  3217.5800  3725.3910
     5260.000  3234.8755  3735.4343
     5280.000  3252.1710  3745.4775
     5300.000  3269.4664  3755.5207
     5320.000  3286.7614  3765.5649
     5340.000  3304.0521  3775.6163
     5360.000  3321.3335  3785.6837
     5380.000  3338.6006  3795.7757
     5400.000  3355.8482  3805.9010
     5420.000  3373.0712  3816.0679
     5440.000  3390.2644  3826.2852
     5460.000  3407.4225  3836.5614
     5480.000  3424.5402  3846.9047
     5500.000  3441.6119  3857.3237
     5520.000  3458.6321  3867.8266
     5540.000  3475.5951  3878.4217
     5560.000  3492.4951  3889.1170
     5580.000  3509.3259  3899.9207
     5600.000  3526.0816  3910.8407
     5620.000  3542.7557  3921.8848
     5640.000  3559.3418  3933.0606
     5660.000  3575.8332  3944.3758
     5680.000  3592.2229  3955.8376
     5700.000  3608.5039  3967.4534
     5720.000  3624.6688  3979.2302
     5740.000  3640.7100  3991.1749
     5760.000  3656.6198  4003.2940
     5780.000  3672.3901  4015.5942
     5800.000  3688.0126  4028.0814
     5820.000  3703.4788  4040.7618
     5840.000  3718.7798  4053.6410
     5860.000  3733.9065  4066.7244
     5880.000  3748.8496  4080.0172
     5900.000  3763.5994  4093.5241
     5920.000  3778.1460  4107.2496
     5940.000  3792.4791  4121.1978
     5960.000  3806.5883  4135.3725
     5980.000  3820.4629  4149.7770
     6000.000  3834.0916  4164.4142
     6020.000  3847.4632  4179.2866
     6040.000  3860.5662  4194.3963
     6060.000  3873.3885  4209.7447
     6080.000  3885.9181  4225.3331
     6100.000  3898.1425  4241.1619
     6120.000  3910.0500  4257.2304
     6140.000  3921.6338  4273.5339
     6160.000  3932.8892  4290.0658
     6180.000  3943.8117  4306.8194
     6200.000  3954.3970  4323.7882
     6220.000  3964.6410  4340.9651
     6240.000  3974.5442  4358.3408
     6260.000  3984.1115  4375.9037
     6280.000  3993.3480  4393.6428
     6300.000  4002.2595  4411.5473
     6320.000  4010.8521  4429.6072
     6340.000  4019.1323  4447.8124
     6360.000  4027.1066  4466.1536
     6380.000  4034.7821  4484.6219
     6400.000  4042.1660  4503.2087
     6420.000  4049.2660  4521.9059
     6440.000  4056.0897  4540.7056
     6460.000  4062.6452  4559.6006
     6480.000  4068.9404  4578.5838
     6500.000  4074.9840  4597.6487
     6520.000  4080.7842  4616.7890
     6540.000  4086.3498  4635.9989
     6560.000  4091.6897  4655.2727
     6580.000  4096.8126  4674.6054
     6600.000  4101.7278  4693.9919
     6620.000  4106.4443  4713.4278
     6640.000  4110.9713  4732.9086
     6660.000  4115.3183  4752.4304
     6680.000  4119.4945  4771.9894
     6700.000  4123.5096  4791.5822
     6720.000  4127.3730  4811.2055
     6740.000  4131.0943  4830.8562
     6760.000  4134.6832  4850.5315
     6780.000  4138.1494  4870.2288
     6800.000  4141.5026  4889.9457
     6820.000  4144.7524  4909.6799
     6840.000  4147.9088  4929.4292
     6860.000  4150.9816  4949.1918
     6880.000  4153.9805  4968.9656
     6900.000  4156.9154  4988.7491
     6920.000  4159.7963  5008.5405
     6940.000  4162.6328  5028.3384
     6960.000  4165.4351  5048.1411
     6980.000  4168.2128  5067.9472
     7000.000  4170.9760  5087.7554
     7020.000  4173.7344  5107.5643
     7040.000  4176.4925  5127.3732
