HINTCAD5.8_SUP_SHUJU
-3.00 -2.00 -2.00 -1.000 -2.00 -2.00 -3.00
-3.00 -2.00 -2.00 649.191 -2.00 -2.00 -3.00
9999.00 9999.00 9999.00 797.762 -2.00 -2.00 9999.00
9999.00 9999.00 9999.00 834.905 9999.00 9999.00 -3.00
-3.00 5.00 5.00 909.191 -5.00 -5.00 -5.00
-3.00 5.00 5.00 925.563 -5.00 -5.00 -5.00
9999.00 9999.00 9999.00 999.849 9999.00 9999.00 -3.00
9999.00 9999.00 9999.00 1036.992 -2.00 -2.00 9999.00
-3.00 -2.00 -2.00 1185.563 -2.00 -2.00 -3.00
-3.00 -2.00 -2.00 2301.465 -2.00 -2.00 -3.00
9999.00 -2.00 -2.00 2451.465 9999.00 9999.00 9999.00
-3.00 9999.00 9999.00 2488.965 9999.00 9999.00 9999.00
-5.00 -5.00 9999.00 2563.965 9999.00 5.00 9999.00
-5.00 -5.00 -6.00 2601.465 6.00 5.00 -3.00
-5.00 -5.00 -6.00 2620.113 6.00 5.00 -3.00
-5.00 -5.00 9999.00 2657.613 9999.00 5.00 9999.00
-3.00 9999.00 9999.00 2732.613 9999.00 9999.00 9999.00
9999.00 -2.00 -2.00 2770.113 9999.00 9999.00 9999.00
-3.00 -2.00 -2.00 2920.113 -2.00 -2.00 -3.00
-3.00 -2.00 -2.00 6578.024 -2.00 -2.00 -3.00
9999.00 9999.00 9999.00 6728.024 -2.00 -2.00 9999.00
9999.00 9999.00 9999.00 6765.524 9999.00 9999.00 -3.00
-3.00 4.00 4.00 6803.024 -4.00 -4.00 -4.00
-3.00 4.00 4.00 7072.626 -4.00 -4.00 -4.00
9999.00 9999.00 9999.00 7110.126 9999.00 9999.00 -3.00
9999.00 9999.00 9999.00 7147.626 -2.00 -2.00 9999.00
-3.00 -2.00 -2.00 7297.626 -2.00 -2.00 -3.00
-3.00 -2.00 -2.00 8463.969 -2.00 -2.00 -3.00
