HINTCAD5.8_SUP_SHUJU
-3.00 -2.00 -2.00 -1.000 -2.00 -2.00 -3.00
-3.00 -2.00 -2.00 109.191 -2.00 -2.00 -3.00
9999.00 9999.00 9999.00 257.762 -2.00 -2.00 9999.00
9999.00 9999.00 9999.00 294.905 9999.00 9999.00 -3.00
-3.00 5.00 5.00 369.191 -5.00 -5.00 -5.00
-3.00 5.00 5.00 1465.563 -5.00 -5.00 -5.00
9999.00 9999.00 9999.00 1539.849 9999.00 9999.00 -3.00
9999.00 9999.00 9999.00 1576.992 -2.00 -2.00 9999.00
-3.00 -2.00 -2.00 1725.563 -2.00 -2.00 -3.00
-3.00 -2.00 -2.00 1951.465 -2.00 -2.00 -3.00
9999.00 -2.00 -2.00 2101.465 9999.00 9999.00 9999.00
-3.00 9999.00 9999.00 2138.965 9999.00 9999.00 9999.00
-5.00 -5.00 9999.00 2213.965 9999.00 5.00 9999.00
-5.00 -5.00 -6.00 2251.465 6.00 5.00 -3.00
-5.00 -5.00 -6.00 2970.113 6.00 5.00 -3.00
-5.00 -5.00 9999.00 3007.613 9999.00 5.00 9999.00
-3.00 9999.00 9999.00 3082.613 9999.00 9999.00 9999.00
9999.00 -2.00 -2.00 3120.113 9999.00 9999.00 9999.00
-3.00 -2.00 -2.00 3270.113 -2.00 -2.00 -3.00
-3.00 -2.00 -2.00 5803.024 -2.00 -2.00 -3.00
9999.00 9999.00 9999.00 5953.024 -2.00 -2.00 9999.00
9999.00 9999.00 9999.00 5990.524 9999.00 9999.00 -3.00
-3.00 4.00 4.00 6028.024 -4.00 -4.00 -4.00
-3.00 4.00 4.00 7847.626 -4.00 -4.00 -4.00
9999.00 9999.00 9999.00 7885.126 9999.00 9999.00 -3.00
9999.00 9999.00 9999.00 7922.626 -2.00 -2.00 9999.00
-3.00 -2.00 -2.00 8072.626 -2.00 -2.00 -3.00
-3.00 -2.00 -2.00 8463.969 -2.00 -2.00 -3.00
