HINTCAD5.8_SUP_SHUJU
-3.00 -2.00 -2.00 -1.000 -2.00 -2.00 -3.00
-3.00 -2.00 -2.00 709.191 -2.00 -2.00 -3.00
9999.00 9999.00 9999.00 823.477 -2.00 -2.00 9999.00
9999.00 9999.00 9999.00 852.048 9999.00 9999.00 -3.00
-3.00 5.00 5.00 909.191 -5.00 -5.00 -5.00
-3.00 5.00 5.00 925.563 -5.00 -5.00 -5.00
9999.00 9999.00 9999.00 982.706 9999.00 9999.00 -3.00
9999.00 9999.00 9999.00 1011.277 -2.00 -2.00 9999.00
-3.00 -2.00 -2.00 1125.563 -2.00 -2.00 -3.00
-3.00 -2.00 -2.00 2376.465 -2.00 -2.00 -3.00
9999.00 -2.00 -2.00 2488.965 9999.00 9999.00 9999.00
-3.00 9999.00 9999.00 2517.090 9999.00 9999.00 9999.00
-5.00 -5.00 9999.00 2573.340 9999.00 5.00 9999.00
-5.00 -5.00 -6.00 2601.465 6.00 5.00 -3.00
-5.00 -5.00 -6.00 2620.113 6.00 5.00 -3.00
-5.00 -5.00 9999.00 2648.238 9999.00 5.00 9999.00
-3.00 9999.00 9999.00 2704.488 9999.00 9999.00 9999.00
9999.00 -2.00 -2.00 2732.613 9999.00 9999.00 9999.00
-3.00 -2.00 -2.00 2845.113 -2.00 -2.00 -3.00
-3.00 -2.00 -2.00 6633.024 -2.00 -2.00 -3.00
9999.00 9999.00 9999.00 6746.358 -2.00 -2.00 9999.00
9999.00 9999.00 9999.00 6774.691 9999.00 9999.00 -3.00
-3.00 4.00 4.00 6803.024 -4.00 -4.00 -4.00
-3.00 4.00 4.00 7072.626 -4.00 -4.00 -4.00
9999.00 9999.00 9999.00 7100.959 9999.00 9999.00 -3.00
9999.00 9999.00 9999.00 7129.292 -2.00 -2.00 9999.00
-3.00 -2.00 -2.00 7242.626 -2.00 -2.00 -3.00
-3.00 -2.00 -2.00 8463.969 -2.00 -2.00 -3.00
