HINTCAD5.8_SUP_SHUJU
-3.00 -2.00 -2.00 -1.000 -2.00 -2.00 -3.00
-3.00 -2.00 -2.00 109.191 -2.00 -2.00 -3.00
9999.00 9999.00 9999.00 223.477 -2.00 -2.00 9999.00
9999.00 9999.00 9999.00 252.048 9999.00 9999.00 -3.00
-3.00 5.00 5.00 309.191 -5.00 -5.00 -5.00
-3.00 5.00 5.00 1525.563 -5.00 -5.00 -5.00
9999.00 9999.00 9999.00 1582.706 9999.00 9999.00 -3.00
9999.00 9999.00 9999.00 1611.277 -2.00 -2.00 9999.00
-3.00 -2.00 -2.00 1725.563 -2.00 -2.00 -3.00
-3.00 -2.00 -2.00 1951.465 -2.00 -2.00 -3.00
9999.00 -2.00 -2.00 2063.965 9999.00 9999.00 9999.00
-3.00 9999.00 9999.00 2092.090 9999.00 9999.00 9999.00
-5.00 -5.00 9999.00 2148.340 9999.00 5.00 9999.00
-5.00 -5.00 -6.00 2176.465 6.00 5.00 -3.00
-5.00 -5.00 -6.00 3045.113 6.00 5.00 -3.00
-5.00 -5.00 9999.00 3073.238 9999.00 5.00 9999.00
-3.00 9999.00 9999.00 3129.488 9999.00 9999.00 9999.00
9999.00 -2.00 -2.00 3157.613 9999.00 9999.00 9999.00
-3.00 -2.00 -2.00 3270.113 -2.00 -2.00 -3.00
-3.00 -2.00 -2.00 5803.024 -2.00 -2.00 -3.00
9999.00 9999.00 9999.00 5916.358 -2.00 -2.00 9999.00
9999.00 9999.00 9999.00 5944.691 9999.00 9999.00 -3.00
-3.00 4.00 4.00 5973.024 -4.00 -4.00 -4.00
-3.00 4.00 4.00 7902.626 -4.00 -4.00 -4.00
9999.00 9999.00 9999.00 7930.959 9999.00 9999.00 -3.00
9999.00 9999.00 9999.00 7959.292 -2.00 -2.00 9999.00
-3.00 -2.00 -2.00 8072.626 -2.00 -2.00 -3.00
-3.00 -2.00 -2.00 8463.969 -2.00 -2.00 -3.00
