       20.000  17.1300  10.3229
       40.000  34.2601  20.6458
       60.000  51.3901  30.9686
       80.000  68.5201  41.2915
      100.000  85.6502  51.6144
      120.000  102.7801  61.9375
      140.000  119.9071  72.2654
      160.000  137.0262  82.6065
      180.000  154.1321  92.9693
      200.000  171.2196  103.3623
      220.000  188.2835  113.7942
      240.000  205.3185  124.2732
      260.000  222.3190  134.8079
      280.000  239.2798  145.4066
      300.000  256.1951  156.0777
      320.000  273.0593  166.8293
      340.000  289.8666  177.6697
      360.000  306.6111  188.6068
      380.000  323.2867  199.6487
      400.000  339.8871  210.8033
      420.000  356.4060  222.0782
      440.000  372.8368  233.4812
      460.000  389.1727  245.0196
      480.000  405.4067  256.7009
      500.000  421.5318  268.5322
      520.000  437.5405  280.5204
      540.000  453.4253  292.6724
      560.000  469.1782  304.9948
      580.000  484.7913  317.4939
      600.000  500.2561  330.1759
      620.000  515.5642  343.0467
      640.000  530.7067  356.1119
      660.000  545.6744  369.3769
      680.000  560.4581  382.8468
      700.000  575.0480  396.5262
      720.000  589.4343  410.4196
      740.000  603.6068  424.5311
      760.000  617.5550  438.8642
      780.000  631.2681  453.4225
      800.000  644.7351  468.2086
      820.000  657.9448  483.2250
      840.000  670.8856  498.4738
      860.000  683.5456  513.9565
      880.000  695.9127  529.6740
      900.000  707.9747  545.6270
      920.000  719.7192  561.8151
      940.000  731.1382  578.2343
      960.000  742.2326  594.8747
      980.000  753.0066  611.7243
     1000.000  763.4646  628.7718
     1020.000  773.6117  646.0063
     1040.000  783.4533  663.4170
     1060.000  792.9950  680.9939
     1080.000  802.2430  698.7270
     1100.000  811.2036  716.6072
     1120.000  819.8835  734.6253
     1140.000  828.2896  752.7727
     1160.000  836.4291  771.0413
     1180.000  844.3096  789.4231
     1200.000  851.9387  807.9107
     1220.000  859.3241  826.4970
     1240.000  866.4741  845.1751
     1260.000  873.3969  863.9387
     1280.000  880.1007  882.7816
     1300.000  886.5943  901.6979
     1320.000  892.8863  920.6823
     1340.000  898.9855  939.7296
     1360.000  904.9008  958.8347
     1380.000  910.6412  977.9931
     1400.000  916.2159  997.2004
     1420.000  921.6341  1016.4524
     1440.000  926.9051  1035.7453
     1460.000  932.0383  1055.0753
     1480.000  937.0430  1074.4390
     1500.000  941.9287  1093.8330
     1520.000  946.7049  1113.2543
     1540.000  951.3813  1132.6999
     1560.000  955.9675  1152.1670
     1580.000  960.4730  1171.6528
     1600.000  964.9076  1191.1550
     1620.000  969.2810  1210.6710
     1640.000  973.6028  1230.1984
     1660.000  977.8829  1249.7351
     1680.000  982.1309  1269.2787
     1700.000  986.3567  1288.8272
     1720.000  990.5699  1308.3784
     1740.000  994.7799  1327.9303
     1760.000  998.9898  1347.4822
     1780.000  1003.1997  1367.0341
     1800.000  1007.4096  1386.5860
     1820.000  1011.6195  1406.1379
     1840.000  1015.8294  1425.6898
     1860.000  1020.0393  1445.2417
     1880.000  1024.2492  1464.7936
     1900.000  1028.4591  1484.3455
     1920.000  1032.6690  1503.8974
     1940.000  1036.8789  1523.4493
     1960.000  1041.0890  1543.0011
     1980.000  1045.3077  1562.5511
     2000.000  1049.5527  1582.0954
     2020.000  1053.8426  1601.6299
     2040.000  1058.1959  1621.1504
     2060.000  1062.6309  1640.6524
     2080.000  1067.1661  1660.1314
     2100.000  1071.8197  1679.5824
     2120.000  1076.6100  1699.0003
     2140.000  1081.5550  1718.3792
     2160.000  1086.6727  1737.7133
     2180.000  1091.9811  1756.9959
     2200.000  1097.4977  1776.2199
     2220.000  1103.2402  1795.3776
     2240.000  1109.2256  1814.4608
     2260.000  1115.4712  1833.4604
     2280.000  1121.9935  1852.3668
     2300.000  1128.8091  1871.1695
     2320.000  1135.9340  1889.8571
     2340.000  1143.3837  1908.4175
     2360.000  1151.1736  1926.8378
     2380.000  1159.3181  1945.1040
     2400.000  1167.8315  1963.2012
     2420.000  1176.7272  1981.1135
     2440.000  1186.0179  1998.8241
     2460.000  1195.7157  2016.3151
     2480.000  1205.8316  2033.5675
     2500.000  1216.3760  2050.5615
     2520.000  1227.3580  2067.2759
     2540.000  1238.7858  2083.6888
     2560.000  1250.6663  2099.7768
     2580.000  1263.0052  2115.5160
     2600.000  1275.8069  2130.8812
     2620.000  1289.0723  2145.8477
     2640.000  1302.7896  2160.4013
     2660.000  1316.9348  2174.5393
     2680.000  1331.4825  2188.2629
     2700.000  1346.4078  2201.5750
     2720.000  1361.6869  2214.4794
     2740.000  1377.2969  2226.9817
     2760.000  1393.2157  2239.0883
     2780.000  1409.4222  2250.8071
     2800.000  1425.8962  2262.1468
     2820.000  1442.6186  2273.1172
     2840.000  1459.5708  2283.7288
     2860.000  1476.7357  2293.9930
     2880.000  1494.0966  2303.9222
     2900.000  1511.6379  2313.5290
     2920.000  1529.3448  2322.8272
     2940.000  1547.2034  2331.8305
     2960.000  1565.2006  2340.5538
     2980.000  1583.3238  2349.0119
     3000.000  1601.5616  2357.2204
     3020.000  1619.9028  2365.1950
     3040.000  1638.3372  2372.9519
     3060.000  1656.8550  2380.5075
     3080.000  1675.4470  2387.8786
     3100.000  1694.1046  2395.0821
     3120.000  1712.8197  2402.1352
     3140.000  1731.5844  2409.0550
     3160.000  1750.3914  2415.8592
     3180.000  1769.2336  2422.5652
     3200.000  1788.1042  2429.1909
     3220.000  1806.9967  2435.7538
     3240.000  1825.9048  2442.2719
     3260.000  1844.8221  2448.7631
     3280.000  1863.7426  2455.2448
     3300.000  1882.6633  2461.7261
     3320.000  1901.5840  2468.2075
     3340.000  1920.5047  2474.6888
     3360.000  1939.4253  2481.1702
     3380.000  1958.3460  2487.6515
     3400.000  1977.2667  2494.1329
     3420.000  1996.1874  2500.6142
     3440.000  2015.1081  2507.0956
     3460.000  2034.0287  2513.5769
     3480.000  2052.9494  2520.0583
     3500.000  2071.8701  2526.5396
     3520.000  2090.7908  2533.0210
     3540.000  2109.7115  2539.5023
     3560.000  2128.6321  2545.9837
     3580.000  2147.5528  2552.4650
     3600.000  2166.4735  2558.9464
     3620.000  2185.3934  2565.4299
     3640.000  2204.2963  2571.9630
     3660.000  2223.1753  2578.5648
     3680.000  2242.0301  2585.2352
     3700.000  2260.8606  2591.9741
     3720.000  2279.6664  2598.7815
     3740.000  2298.4474  2605.6572
     3760.000  2317.2032  2612.6011
     3780.000  2335.9337  2619.6132
     3800.000  2354.6385  2626.6933
     3820.000  2373.3175  2633.8415
     3840.000  2391.9703  2641.0575
     3860.000  2410.5968  2648.3412
     3880.000  2429.1967  2655.6927
     3900.000  2447.7697  2663.1118
     3920.000  2466.3157  2670.5983
     3940.000  2484.8342  2678.1522
     3960.000  2503.3252  2685.7734
     3980.000  2521.7884  2693.4619
     4000.000  2540.2234  2701.2174
     4020.000  2558.6302  2709.0398
     4040.000  2577.0084  2716.9292
     4060.000  2595.3577  2724.8854
     4080.000  2613.6780  2732.9082
     4100.000  2631.9691  2740.9975
     4120.000  2650.2306  2749.1534
     4140.000  2668.4623  2757.3756
     4160.000  2686.6639  2765.6640
     4180.000  2704.8354  2774.0186
     4200.000  2722.9763  2782.4392
     4220.000  2741.0865  2790.9257
     4240.000  2759.1657  2799.4780
     4260.000  2777.2137  2808.0960
     4280.000  2795.2302  2816.7795
     4300.000  2813.2150  2825.5285
     4320.000  2831.1680  2834.3429
     4340.000  2849.0887  2843.2225
     4360.000  2866.9770  2852.1672
     4380.000  2884.8327  2861.1768
     4400.000  2902.6555  2870.2514
     4420.000  2920.4452  2879.3907
     4440.000  2938.2015  2888.5946
     4460.000  2955.9242  2897.8630
     4480.000  2973.6132  2907.1959
     4500.000  2991.2680  2916.5930
     4520.000  3008.8886  2926.0542
     4540.000  3026.4747  2935.5794
     4560.000  3044.0260  2945.1685
     4580.000  3061.5423  2954.8214
     4600.000  3079.0234  2964.5379
     4620.000  3096.4691  2974.3179
     4640.000  3113.8790  2984.1613
     4660.000  3131.2531  2994.0679
     4680.000  3148.5910  3004.0377
     4700.000  3165.8926  3014.0704
     4720.000  3183.1576  3024.1660
     4740.000  3200.3857  3034.3242
     4760.000  3217.5768  3044.5451
     4780.000  3234.7306  3054.8284
     4800.000  3251.8469  3065.1740
     4820.000  3268.9255  3075.5818
     4840.000  3285.9661  3086.0517
     4860.000  3302.9685  3096.5834
     4880.000  3319.9325  3107.1769
     4900.000  3336.8579  3117.8320
     4920.000  3353.7444  3128.5486
     4940.000  3370.5918  3139.3265
     4960.000  3387.4000  3150.1656
     4980.000  3404.1686  3161.0657
     5000.000  3420.8974  3172.0268
     5020.000  3437.5863  3183.0486
     5040.000  3454.2350  3194.1310
     5060.000  3470.8433  3205.2739
     5080.000  3487.4110  3216.4771
     5100.000  3503.9378  3227.7405
     5120.000  3520.4236  3239.0639
     5140.000  3536.8680  3250.4472
     5160.000  3553.2710  3261.8902
     5180.000  3569.6322  3273.3928
     5200.000  3585.9515  3284.9548
     5220.000  3602.2287  3296.5761
     5240.000  3618.4635  3308.2564
     5260.000  3634.6557  3319.9958
     5280.000  3650.8051  3331.7939
     5300.000  3666.9115  3343.6507
     5320.000  3682.9747  3355.5660
     5340.000  3698.9944  3367.5396
     5360.000  3714.9705  3379.5714
     5380.000  3730.9028  3391.6612
     5400.000  3746.7910  3403.8088
     5420.000  3762.6348  3416.0142
     5440.000  3778.4343  3428.2770
     5460.000  3794.1890  3440.5973
     5480.000  3809.8988  3452.9747
     5500.000  3825.5635  3465.4093
     5520.000  3841.1828  3477.9006
     5540.000  3856.7567  3490.4487
     5560.000  3872.2961  3503.0395
     5580.000  3887.8335  3515.6328
     5600.000  3903.3708  3528.2260
     5620.000  3918.9082  3540.8193
     5640.000  3934.4456  3553.4125
     5660.000  3949.9829  3566.0058
     5680.000  3965.5203  3578.5991
     5700.000  3981.0576  3591.1923
     5720.000  3996.5950  3603.7856
     5740.000  4012.1324  3616.3789
     5760.000  4027.6697  3628.9721
     5780.000  4043.2071  3641.5654
     5800.000  4058.7445  3654.1587
     5820.000  4074.2815  3666.7523
     5840.000  4089.8157  3679.3496
     5860.000  4105.3436  3691.9544
     5880.000  4120.8620  3704.5711
     5900.000  4136.3674  3717.2036
     5920.000  4151.8565  3729.8563
     5940.000  4167.3258  3742.5330
     5960.000  4182.7719  3755.2380
     5980.000  4198.1914  3767.9753
     6000.000  4213.5809  3780.7489
     6020.000  4228.9367  3793.5629
     6040.000  4244.2554  3806.4213
     6060.000  4259.5333  3819.3280
     6080.000  4274.7670  3832.2870
     6100.000  4289.9527  3845.3022
     6120.000  4305.0867  3858.3773
     6140.000  4320.1653  3871.5164
     6160.000  4335.1848  3884.7230
     6180.000  4350.1412  3898.0010
     6200.000  4365.0307  3911.3540
     6220.000  4379.8493  3924.7856
     6240.000  4394.5930  3938.2993
     6260.000  4409.2577  3951.8988
     6280.000  4423.8393  3965.5873
     6300.000  4438.3335  3979.3683
     6320.000  4452.7361  3993.2451
     6340.000  4467.0427  4007.2208
     6360.000  4481.2489  4021.2985
     6380.000  4495.3501  4035.4814
     6400.000  4509.3418  4049.7723
     6420.000  4523.2193  4064.1741
     6440.000  4536.9779  4078.6896
     6460.000  4550.6126  4093.3215
     6480.000  4564.1187  4108.0722
     6500.000  4577.4911  4122.9442
     6520.000  4590.7247  4137.9398
     6540.000  4603.8144  4153.0612
     6560.000  4616.7548  4168.3106
     6580.000  4629.5406  4183.6897
     6600.000  4642.1665  4199.2005
     6620.000  4654.6268  4214.8446
     6640.000  4666.9160  4230.6234
     6660.000  4679.0283  4246.5384
     6680.000  4690.9579  4262.5908
     6700.000  4702.6991  4278.7816
     6720.000  4714.2458  4295.1116
     6740.000  4725.5919  4311.5815
     6760.000  4736.7314  4328.1920
     6780.000  4747.6581  4344.9431
     6800.000  4758.3657  4361.8352
     6820.000  4768.8482  4378.8679
     6840.000  4779.1027  4396.0388
     6860.000  4789.1273  4413.3449
     6880.000  4798.9203  4430.7831
     6900.000  4808.4799  4448.3503
     6920.000  4817.8045  4466.0434
     6940.000  4826.8923  4483.8593
     6960.000  4835.7418  4501.7947
     6980.000  4844.3514  4519.8466
     7000.000  4852.7195  4538.0116
     7020.000  4860.8447  4556.2866
     7040.000  4868.7255  4574.6683
     7060.000  4876.3605  4593.1535
     7080.000  4883.7484  4611.7388
     7100.000  4890.8899  4630.4201
     7120.000  4897.7886  4649.1925
     7140.000  4904.4483  4668.0510
     7160.000  4910.8729  4686.9909
     7180.000  4917.0666  4706.0076
     7200.000  4923.0336  4725.0966
     7220.000  4928.7781  4744.2537
     7240.000  4934.3044  4763.4750
     7260.000  4939.6170  4782.7564
     7280.000  4944.7203  4802.0942
     7300.000  4949.6190  4821.4849
     7320.000  4954.3177  4840.9250
     7340.000  4958.8211  4860.4113
     7360.000  4963.1340  4879.9407
     7380.000  4967.2610  4899.5102
     7400.000  4971.2072  4919.1169
     7420.000  4974.9774  4938.7583
     7440.000  4978.5765  4958.4317
     7460.000  4982.0096  4978.1348
     7480.000  4985.2816  4997.8653
     7500.000  4988.3976  5017.6210
     7520.000  4991.3627  5037.4000
     7540.000  4994.1819  5057.2002
     7560.000  4996.8605  5077.0200
     7580.000  4999.4036  5096.8576
     7600.000  5001.8163  5116.7115
     7620.000  5004.1038  5136.5802
     7640.000  5006.2714  5156.4624
     7660.000  5008.3242  5176.3567
     7680.000  5010.2676  5196.2621
     7700.000  5012.1068  5216.1773
     7720.000  5013.8470  5236.1014
     7740.000  5015.4935  5256.0335
     7760.000  5017.0515  5275.9727
     7780.000  5018.5265  5295.9183
     7800.000  5019.9236  5315.8694
     7820.000  5021.2482  5335.8255
     7840.000  5022.5055  5355.7859
     7860.000  5023.7010  5375.7501
     7880.000  5024.8398  5395.7177
     7900.000  5025.9274  5415.6881
     7920.000  5026.9689  5435.6609
     7940.000  5027.9699  5455.6359
     7960.000  5028.9355  5475.6126
     7980.000  5029.8711  5495.5907
     8000.000  5030.7820  5515.5699
     8020.000  5031.6736  5535.5500
     8040.000  5032.5512  5555.5308
     8060.000  5033.4201  5575.5119
     8080.000  5034.2855  5595.4931
     8100.000  5035.1508  5615.4744
     8120.000  5036.0160  5635.4557
     8140.000  5036.8813  5655.4370
     8160.000  5037.7465  5675.4182
     8180.000  5038.6118  5695.3995
     8200.000  5039.4770  5715.3808
     8220.000  5040.3423  5735.3621
     8240.000  5041.2075  5755.3433
     8260.000  5042.0728  5775.3246
     8280.000  5042.9380  5795.3059
     8300.000  5043.8033  5815.2872
     8320.000  5044.6685  5835.2684
     8340.000  5045.5337  5855.2497
     8360.000  5046.3990  5875.2310
     8380.000  5047.2642  5895.2123
     8400.000  5048.1295  5915.1935
     8420.000  5048.9947  5935.1748
     8440.000  5049.8600  5955.1561
     8460.000  5050.7252  5975.1374
