-1.0 -3.75 0 3.75
222.616 -3.75 0 3.75
272.616 -3.75 0 3.75
285.116 -3.75 0 3.75
310.116 -3.75 0 3.75
322.616 -3.75 0 3.75
507.288 -3.75 0 3.75
519.788 -3.75 0 3.75
544.788 -3.75 0 3.75
557.288 -3.75 0 3.75
607.288 -3.75 0 3.75
1081.874 -3.75 0 3.75
1141.874 -3.75 0 3.75
1156.874 -3.75 0 3.75
1186.874 -3.75 0 3.75
1433.388 -3.75 0 3.75
1463.388 -3.75 0 3.75
1478.388 -3.75 0 3.75
1538.388 -3.75 0 3.75
1728.388 -3.75 0 3.75
1788.388 -3.75 0 3.75
1803.388 -3.75 0 3.75
1833.388 -3.75 0 3.75
2118.77 -3.75 0 3.75
2148.77 -3.75 0 3.75
2163.77 -3.75 0 3.75
2223.77 -3.75 0 3.75
4762.323 -3.75 0 3.75
4822.323 -3.75 0 3.75
4837.323 -3.75 0 3.75
4852.323 -3.75 0 3.75
5046.867 -3.75 0 3.75
5061.867 -3.75 0 3.75
5076.867 -3.75 0 3.75
5136.867 -3.75 0 3.75
5569.449 -3.75 0 3.75
5629.449 -3.75 0 3.75
5644.449 -3.75 0 3.75
5659.449 -3.75 0 3.75
5941.157 -3.75 0 3.75
5956.157 -3.75 0 3.75
5971.157 -3.75 0 3.75
6031.157 -3.75 0 3.75
6365.895 -3.75 0 3.75
