-1.0 -3.75 0 3.75
222.616 -3.75 0 3.75
272.616 -3.75 0 3.75
285.116 -3.75 0 3.75
310.116 -3.75 0 3.75
322.616 -3.75 0 3.75
507.288 -3.75 0 3.75
519.788 -3.75 0 3.75
544.788 -3.75 0 3.75
557.288 -3.75 0 3.75
607.288 -3.75 0 3.75
1101.874 -3.75 0 3.75
1150.445 -3.75 0 3.75
1162.588 -3.75 0 3.75
1186.874 -3.75 0 3.75
1433.388 -3.75 0 3.75
1457.674 -3.75 0 3.75
1469.817 -3.75 0 3.75
1518.388 -3.75 0 3.75
1748.388 -3.75 0 3.75
1796.959 -3.75 0 3.75
1809.102 -3.75 0 3.75
1833.388 -3.75 0 3.75
2118.77 -3.75 0 3.75
2143.056 -3.75 0 3.75
2155.199 -3.75 0 3.75
2203.77 -3.75 0 3.75
4777.323 -3.75 0 3.75
4827.323 -3.75 0 3.75
4839.823 -3.75 0 3.75
4852.323 -3.75 0 3.75
5046.867 -3.75 0 3.75
5059.367 -3.75 0 3.75
5071.867 -3.75 0 3.75
5121.867 -3.75 0 3.75
5584.449 -3.75 0 3.75
5634.449 -3.75 0 3.75
5646.949 -3.75 0 3.75
5659.449 -3.75 0 3.75
5941.157 -3.75 0 3.75
5953.657 -3.75 0 3.75
5966.157 -3.75 0 3.75
6016.157 -3.75 0 3.75
6365.895 -3.75 0 3.75
