-1.0 -0.075 0 -0.075 
222.616 -0.075 0 -0.075 
272.616 0.075 0 -0.075 
285.116 0.1125 0 -0.1125 
310.116 0.1875 0 -0.1875 
322.616 0.225 0 -0.225 
507.288 0.225 0 -0.225 
519.788 0.1875 0 -0.1875 
544.788 0.1125 0 -0.1125 
557.288 0.075 0 -0.075 
607.288 -0.075 0 -0.075 
1101.874 -0.075 0 -0.075 
1150.445 -0.075 0 0.075 
1162.588 -0.1125 0 0.1125 
1186.874 -0.1875 0 0.1875 
1433.388 -0.1875 0 0.1875 
1457.674 -0.1125 0 0.1125 
1469.817 -0.075 0 0.075 
1518.388 -0.075 0 -0.075 
1748.388 -0.075 0 -0.075 
1796.959 0.075 0 -0.075 
1809.102 0.1125 0 -0.1125 
1833.388 0.1875 0 -0.1875 
2118.77 0.1875 0 -0.1875 
2143.056 0.1125 0 -0.1125 
2155.199 0.075 0 -0.075 
2203.77 -0.075 0 -0.075 
4777.323 -0.075 0 -0.075 
4827.323 0.075 0 -0.075 
4839.823 0.1125 0 -0.1125 
4852.323 0.15 0 -0.15 
5046.867 0.15 0 -0.15 
5059.367 0.1125 0 -0.1125 
5071.867 0.075 0 -0.075 
5121.867 -0.075 0 -0.075 
5584.449 -0.075 0 -0.075 
5634.449 0.075 0 -0.075 
5646.949 0.1125 0 -0.1125 
5659.449 0.15 0 -0.15 
5941.157 0.15 0 -0.15 
5953.657 0.1125 0 -0.1125 
5966.157 0.075 0 -0.075 
6016.157 -0.075 0 -0.075 
6365.895 -0.075 0 -0.075 
