0020 -0.075 0 -0.075 
0040 -0.075 0 -0.075 
0060 -0.075 0 -0.075 
0080 -0.075 0 -0.075 
0100 -0.075 0 -0.075 
0120 -0.075 0 -0.075 
0140 -0.075 0 -0.075 
0160 -0.075 0 -0.075 
0180 -0.075 0 -0.075 
0200 -0.075 0 -0.075 
0220 -0.075 0 -0.075 
0240 -0.051 0 -0.075 
0260 0.0194 0 -0.075 
0280 0.108 0 -0.0838 
0300 0.1859 0 -0.1607 
0320 0.2244 0 -0.2238 
0340 0.225 0 -0.225 
0360 0.225 0 -0.225 
0380 0.225 0 -0.225 
0400 0.225 0 -0.225 
0420 0.225 0 -0.225 
0440 0.225 0 -0.225 
0460 0.225 0 -0.225 
0480 0.225 0 -0.225 
0500 0.225 0 -0.225 
0520 0.2117 0 -0.2008 
0540 0.1497 0 -0.1164 
0560 0.0628 0 -0.075 
0580 -0.0202 0 -0.075 
0600 -0.0705 0 -0.075 
0620 -0.075 0 -0.075 
0640 -0.075 0 -0.075 
0660 -0.075 0 -0.075 
0680 -0.075 0 -0.075 
0700 -0.075 0 -0.075 
0720 -0.075 0 -0.075 
0740 -0.075 0 -0.075 
0760 -0.075 0 -0.075 
0780 -0.075 0 -0.075 
0800 -0.075 0 -0.075 
0820 -0.075 0 -0.075 
0840 -0.075 0 -0.075 
0860 -0.075 0 -0.075 
0880 -0.075 0 -0.075 
0900 -0.075 0 -0.075 
0920 -0.075 0 -0.075 
0940 -0.075 0 -0.075 
0960 -0.075 0 -0.075 
0980 -0.075 0 -0.075 
1000 -0.075 0 -0.075 
1020 -0.075 0 -0.075 
1040 -0.075 0 -0.075 
1060 -0.075 0 -0.075 
1080 -0.075 0 -0.075 
1100 -0.075 0 -0.075 
1120 -0.075 0 -0.0443 
1140 -0.075 0 0.0361 
1160 -0.0942 0 0.1254 
1180 -0.177 0 0.1826 
1200 -0.1875 0 0.1875 
1220 -0.1875 0 0.1875 
1240 -0.1875 0 0.1875 
1260 -0.1875 0 0.1875 
1280 -0.1875 0 0.1875 
1300 -0.1875 0 0.1875 
1320 -0.1875 0 0.1875 
1340 -0.1875 0 0.1875 
1360 -0.1875 0 0.1875 
1380 -0.1875 0 0.1875 
1400 -0.1875 0 0.1875 
1420 -0.1875 0 0.1875 
1440 -0.1777 0 0.183 
1460 -0.0951 0 0.1264 
1480 -0.075 0 0.0373 
1500 -0.075 0 -0.0435 
1520 -0.075 0 -0.075 
1540 -0.075 0 -0.075 
1560 -0.075 0 -0.075 
1580 -0.075 0 -0.075 
1600 -0.075 0 -0.075 
1620 -0.075 0 -0.075 
1640 -0.075 0 -0.075 
1660 -0.075 0 -0.075 
1680 -0.075 0 -0.075 
1700 -0.075 0 -0.075 
1720 -0.075 0 -0.075 
1740 -0.075 0 -0.075 
1760 -0.0616 0 -0.075 
1780 0.0069 0 -0.075 
1800 0.0978 0 -0.0772 
1820 0.17 0 -0.1531 
1840 0.1875 0 -0.1875 
1860 0.1875 0 -0.1875 
1880 0.1875 0 -0.1875 
1900 0.1875 0 -0.1875 
1920 0.1875 0 -0.1875 
1940 0.1875 0 -0.1875 
1960 0.1875 0 -0.1875 
1980 0.1875 0 -0.1875 
2000 0.1875 0 -0.1875 
2020 0.1875 0 -0.1875 
2040 0.1875 0 -0.1875 
2060 0.1875 0 -0.1875 
2080 0.1875 0 -0.1875 
2100 0.1875 0 -0.1875 
2120 0.1873 0 -0.1871 
2140 0.1466 0 -0.1174 
2160 0.0621 0 -0.075 
2180 -0.0249 0 -0.075 
2200 -0.0735 0 -0.075 
2220 -0.075 0 -0.075 
2240 -0.075 0 -0.075 
2260 -0.075 0 -0.075 
2280 -0.075 0 -0.075 
2300 -0.075 0 -0.075 
2320 -0.075 0 -0.075 
2340 -0.075 0 -0.075 
2360 -0.075 0 -0.075 
2380 -0.075 0 -0.075 
2400 -0.075 0 -0.075 
2420 -0.075 0 -0.075 
2440 -0.075 0 -0.075 
2460 -0.075 0 -0.075 
2480 -0.075 0 -0.075 
2500 -0.075 0 -0.075 
2520 -0.075 0 -0.075 
2540 -0.075 0 -0.075 
2560 -0.075 0 -0.075 
2580 -0.075 0 -0.075 
2600 -0.075 0 -0.075 
2620 -0.075 0 -0.075 
2640 -0.075 0 -0.075 
2660 -0.075 0 -0.075 
2680 -0.075 0 -0.075 
2700 -0.075 0 -0.075 
2720 -0.075 0 -0.075 
2740 -0.075 0 -0.075 
2760 -0.075 0 -0.075 
2780 -0.075 0 -0.075 
2800 -0.075 0 -0.075 
2820 -0.075 0 -0.075 
2840 -0.075 0 -0.075 
2860 -0.075 0 -0.075 
2880 -0.075 0 -0.075 
2900 -0.075 0 -0.075 
2920 -0.075 0 -0.075 
2940 -0.075 0 -0.075 
2960 -0.075 0 -0.075 
2980 -0.075 0 -0.075 
3000 -0.075 0 -0.075 
3020 -0.075 0 -0.075 
3040 -0.075 0 -0.075 
3060 -0.075 0 -0.075 
3080 -0.075 0 -0.075 
3100 -0.075 0 -0.075 
3120 -0.075 0 -0.075 
3140 -0.075 0 -0.075 
3160 -0.075 0 -0.075 
3180 -0.075 0 -0.075 
3200 -0.075 0 -0.075 
3220 -0.075 0 -0.075 
3240 -0.075 0 -0.075 
3260 -0.075 0 -0.075 
3280 -0.075 0 -0.075 
3300 -0.075 0 -0.075 
3320 -0.075 0 -0.075 
3340 -0.075 0 -0.075 
3360 -0.075 0 -0.075 
3380 -0.075 0 -0.075 
3400 -0.075 0 -0.075 
3420 -0.075 0 -0.075 
3440 -0.075 0 -0.075 
3460 -0.075 0 -0.075 
3480 -0.075 0 -0.075 
3500 -0.075 0 -0.075 
3520 -0.075 0 -0.075 
3540 -0.075 0 -0.075 
3560 -0.075 0 -0.075 
3580 -0.075 0 -0.075 
3600 -0.075 0 -0.075 
3620 -0.075 0 -0.075 
3640 -0.075 0 -0.075 
3660 -0.075 0 -0.075 
3680 -0.075 0 -0.075 
3700 -0.075 0 -0.075 
3720 -0.075 0 -0.075 
3740 -0.075 0 -0.075 
3760 -0.075 0 -0.075 
3780 -0.075 0 -0.075 
3800 -0.075 0 -0.075 
3820 -0.075 0 -0.075 
3840 -0.075 0 -0.075 
3860 -0.075 0 -0.075 
3880 -0.075 0 -0.075 
3900 -0.075 0 -0.075 
3920 -0.075 0 -0.075 
3940 -0.075 0 -0.075 
3960 -0.075 0 -0.075 
3980 -0.075 0 -0.075 
4000 -0.075 0 -0.075 
4020 -0.075 0 -0.075 
4040 -0.075 0 -0.075 
4060 -0.075 0 -0.075 
4080 -0.075 0 -0.075 
4100 -0.075 0 -0.075 
4120 -0.075 0 -0.075 
4140 -0.075 0 -0.075 
4160 -0.075 0 -0.075 
4180 -0.075 0 -0.075 
4200 -0.075 0 -0.075 
4220 -0.075 0 -0.075 
4240 -0.075 0 -0.075 
4260 -0.075 0 -0.075 
4280 -0.075 0 -0.075 
4300 -0.075 0 -0.075 
4320 -0.075 0 -0.075 
4340 -0.075 0 -0.075 
4360 -0.075 0 -0.075 
4380 -0.075 0 -0.075 
4400 -0.075 0 -0.075 
4420 -0.075 0 -0.075 
4440 -0.075 0 -0.075 
4460 -0.075 0 -0.075 
4480 -0.075 0 -0.075 
4500 -0.075 0 -0.075 
4520 -0.075 0 -0.075 
4540 -0.075 0 -0.075 
4560 -0.075 0 -0.075 
4580 -0.075 0 -0.075 
4600 -0.075 0 -0.075 
4620 -0.075 0 -0.075 
4640 -0.075 0 -0.075 
4660 -0.075 0 -0.075 
4680 -0.075 0 -0.075 
4700 -0.075 0 -0.075 
4720 -0.075 0 -0.075 
4740 -0.075 0 -0.075 
4760 -0.075 0 -0.075 
4780 -0.0742 0 -0.075 
4800 -0.0257 0 -0.075 
4820 0.0606 0 -0.075 
4840 0.1338 0 -0.1133 
4860 0.15 0 -0.15 
4880 0.15 0 -0.15 
4900 0.15 0 -0.15 
4920 0.15 0 -0.15 
4940 0.15 0 -0.15 
4960 0.15 0 -0.15 
4980 0.15 0 -0.15 
5000 0.15 0 -0.15 
5020 0.15 0 -0.15 
5040 0.15 0 -0.15 
5060 0.1317 0 -0.1097 
5080 0.0571 0 -0.075 
5100 -0.0288 0 -0.075 
5120 -0.0746 0 -0.075 
5140 -0.075 0 -0.075 
5160 -0.075 0 -0.075 
5180 -0.075 0 -0.075 
5200 -0.075 0 -0.075 
5220 -0.075 0 -0.075 
5240 -0.075 0 -0.075 
5260 -0.075 0 -0.075 
5280 -0.075 0 -0.075 
5300 -0.075 0 -0.075 
5320 -0.075 0 -0.075 
5340 -0.075 0 -0.075 
5360 -0.075 0 -0.075 
5380 -0.075 0 -0.075 
5400 -0.075 0 -0.075 
5420 -0.075 0 -0.075 
5440 -0.075 0 -0.075 
5460 -0.075 0 -0.075 
5480 -0.075 0 -0.075 
5500 -0.075 0 -0.075 
5520 -0.075 0 -0.075 
5540 -0.075 0 -0.075 
5560 -0.075 0 -0.075 
5580 -0.075 0 -0.075 
5600 -0.05 0 -0.075 
5620 0.0287 0 -0.075 
5640 0.1125 0 -0.0845 
5660 0.15 0 -0.15 
5680 0.15 0 -0.15 
5700 0.15 0 -0.15 
5720 0.15 0 -0.15 
5740 0.15 0 -0.15 
5760 0.15 0 -0.15 
5780 0.15 0 -0.15 
5800 0.15 0 -0.15 
5820 0.15 0 -0.15 
5840 0.15 0 -0.15 
5860 0.15 0 -0.15 
5880 0.15 0 -0.15 
5900 0.15 0 -0.15 
5920 0.15 0 -0.15 
5940 0.15 0 -0.15 
5960 0.1145 0 -0.0864 
5980 0.0315 0 -0.075 
6000 -0.0482 0 -0.075 
6020 -0.075 0 -0.075 
6040 -0.075 0 -0.075 
6060 -0.075 0 -0.075 
6080 -0.075 0 -0.075 
6100 -0.075 0 -0.075 
6120 -0.075 0 -0.075 
6140 -0.075 0 -0.075 
6160 -0.075 0 -0.075 
6180 -0.075 0 -0.075 
6200 -0.075 0 -0.075 
6220 -0.075 0 -0.075 
6240 -0.075 0 -0.075 
6260 -0.075 0 -0.075 
6280 -0.075 0 -0.075 
6300 -0.075 0 -0.075 
6320 -0.075 0 -0.075 
6340 -0.075 0 -0.075 
6360 -0.075 0 -0.075 
