-1.0 -0.075 0 -0.075 
262.616 -0.075 0 -0.075 
292.616 0.075 0 -0.075 
300.116 0.1125 0 -0.1125 
315.116 0.1875 0 -0.1875 
322.616 0.225 0 -0.225 
507.288 0.225 0 -0.225 
514.788 0.1875 0 -0.1875 
529.788 0.1125 0 -0.1125 
537.288 0.075 0 -0.075 
567.288 -0.075 0 -0.075 
1131.874 -0.075 0 -0.075 
1163.302 -0.075 0 0.075 
1171.159 -0.1125 0 0.1125 
1186.874 -0.1875 0 0.1875 
1433.388 -0.1875 0 0.1875 
1449.102 -0.1125 0 0.1125 
1456.959 -0.075 0 0.075 
1488.388 -0.075 0 -0.075 
1778.388 -0.075 0 -0.075 
1809.817 0.075 0 -0.075 
1817.674 0.1125 0 -0.1125 
1833.388 0.1875 0 -0.1875 
2118.77 0.1875 0 -0.1875 
2134.485 0.1125 0 -0.1125 
2142.342 0.075 0 -0.075 
2173.77 -0.075 0 -0.075 
4807.323 -0.075 0 -0.075 
4837.323 0.075 0 -0.075 
4844.823 0.1125 0 -0.1125 
4852.323 0.15 0 -0.15 
5046.867 0.15 0 -0.15 
5054.367 0.1125 0 -0.1125 
5061.867 0.075 0 -0.075 
5091.867 -0.075 0 -0.075 
5614.449 -0.075 0 -0.075 
5644.449 0.075 0 -0.075 
5651.949 0.1125 0 -0.1125 
5659.449 0.15 0 -0.15 
5941.157 0.15 0 -0.15 
5948.657 0.1125 0 -0.1125 
5956.157 0.075 0 -0.075 
5986.157 -0.075 0 -0.075 
6365.895 -0.075 0 -0.075 
