-1.0 -0.075 0 -0.075 
222.616 -0.075 0 -0.075 
272.616 0.075 0 -0.075 
285.116 0.1125 0 -0.1125 
310.116 0.1875 0 -0.1875 
322.616 0.225 0 -0.225 
507.288 0.225 0 -0.225 
519.788 0.1875 0 -0.1875 
544.788 0.1125 0 -0.1125 
557.288 0.075 0 -0.075 
607.288 -0.075 0 -0.075 
986.874 -0.075 0 -0.075 
1061.159 -0.075 0 0.075 
1079.731 -0.1125 0 0.1125 
1116.874 -0.1875 0 0.1875 
1503.388 -0.1875 0 0.1875 
1540.531 -0.1125 0 0.1125 
1559.102 -0.075 0 0.075 
1633.388 -0.075 0 -0.075 
1707.674 0.075 0 -0.075 
1726.245 0.1125 0 -0.1125 
1763.388 0.1875 0 -0.1875 
2188.77 0.1875 0 -0.1875 
2225.913 0.1125 0 -0.1125 
2244.485 0.075 0 -0.075 
2318.77 -0.075 0 -0.075 
4652.323 -0.075 0 -0.075 
4725.656 0.075 0 -0.075 
4743.99 0.1125 0 -0.1125 
4762.323 0.15 0 -0.15 
5136.867 0.15 0 -0.15 
5155.2 0.1125 0 -0.1125 
5173.533 0.075 0 -0.075 
5246.867 -0.075 0 -0.075 
5459.449 -0.075 0 -0.075 
5532.782 0.075 0 -0.075 
5551.115 0.1125 0 -0.1125 
5569.449 0.15 0 -0.15 
6031.157 0.15 0 -0.15 
6049.491 0.1125 0 -0.1125 
6067.824 0.075 0 -0.075 
6141.157 -0.075 0 -0.075 
6365.895 -0.075 0 -0.075 
