-1.0 -3.75 0 3.75
222.616 -3.75 0 3.75
260.116 -3.75 0 3.75
269.491 -3.75 0 3.75
288.241 -3.75 0 3.75
297.616 -3.75 0 3.75
532.288 -3.75 0 3.75
541.663 -3.75 0 3.75
560.413 -3.75 0 3.75
569.788 -3.75 0 3.75
607.288 -3.75 0 3.75
986.874 -3.75 0 3.75
1024.017 -3.75 0 3.75
1033.302 -3.75 0 3.75
1051.874 -3.75 0 3.75
1568.388 -3.75 0 3.75
1586.959 -3.75 0 3.75
1596.245 -3.75 0 3.75
1633.388 -3.75 0 3.75
1670.531 -3.75 0 3.75
1679.817 -3.75 0 3.75
1698.388 -3.75 0 3.75
2253.77 -3.75 0 3.75
2272.342 -3.75 0 3.75
2281.627 -3.75 0 3.75
2318.77 -3.75 0 3.75
4652.323 -3.75 0 3.75
4688.99 -3.75 0 3.75
4698.156 -3.75 0 3.75
4707.323 -3.75 0 3.75
5191.867 -3.75 0 3.75
5201.033 -3.75 0 3.75
5210.2 -3.75 0 3.75
5246.867 -3.75 0 3.75
5459.449 -3.75 0 3.75
5496.115 -3.75 0 3.75
5505.282 -3.75 0 3.75
5514.449 -3.75 0 3.75
6086.157 -3.75 0 3.75
6095.324 -3.75 0 3.75
6104.491 -3.75 0 3.75
6141.157 -3.75 0 3.75
6365.895 -3.75 0 3.75
