-1.0 -3.75 0 3.75
222.616 -3.75 0 3.75
272.616 -3.75 0 3.75
285.116 -3.75 0 3.75
310.116 -3.75 0 3.75
322.616 -3.75 0 3.75
507.288 -3.75 0 3.75
519.788 -3.75 0 3.75
544.788 -3.75 0 3.75
557.288 -3.75 0 3.75
607.288 -3.75 0 3.75
986.874 -3.75 0 3.75
1046.874 -3.75 0 3.75
1061.874 -3.75 0 3.75
1091.874 -3.75 0 3.75
1528.388 -3.75 0 3.75
1558.388 -3.75 0 3.75
1573.388 -3.75 0 3.75
1633.388 -3.75 0 3.75
1693.388 -3.75 0 3.75
1708.388 -3.75 0 3.75
1738.388 -3.75 0 3.75
2213.77 -3.75 0 3.75
2243.77 -3.75 0 3.75
2258.77 -3.75 0 3.75
2318.77 -3.75 0 3.75
4652.323 -3.75 0 3.75
4712.323 -3.75 0 3.75
4727.323 -3.75 0 3.75
4742.323 -3.75 0 3.75
5156.867 -3.75 0 3.75
5171.867 -3.75 0 3.75
5186.867 -3.75 0 3.75
5246.867 -3.75 0 3.75
5459.449 -3.75 0 3.75
5519.449 -3.75 0 3.75
5534.449 -3.75 0 3.75
5549.449 -3.75 0 3.75
6051.157 -3.75 0 3.75
6066.157 -3.75 0 3.75
6081.157 -3.75 0 3.75
6141.157 -3.75 0 3.75
6365.895 -3.75 0 3.75
