-1.0 -3.75 0 3.75
222.616 -3.75 0 3.75
272.616 -3.75 0 3.75
285.116 -3.75 0 3.75
310.116 -3.75 0 3.75
322.616 -3.75 0 3.75
507.288 -3.75 0 3.75
519.788 -3.75 0 3.75
544.788 -3.75 0 3.75
557.288 -3.75 0 3.75
607.288 -3.75 0 3.75
986.874 -3.75 0 3.75
1061.159 -3.75 0 3.75
1079.731 -3.75 0 3.75
1116.874 -3.75 0 3.75
1503.388 -3.75 0 3.75
1540.531 -3.75 0 3.75
1559.102 -3.75 0 3.75
1633.388 -3.75 0 3.75
1707.674 -3.75 0 3.75
1726.245 -3.75 0 3.75
1763.388 -3.75 0 3.75
2188.77 -3.75 0 3.75
2225.913 -3.75 0 3.75
2244.485 -3.75 0 3.75
2318.77 -3.75 0 3.75
4652.323 -3.75 0 3.75
4725.656 -3.75 0 3.75
4743.99 -3.75 0 3.75
4762.323 -3.75 0 3.75
5136.867 -3.75 0 3.75
5155.2 -3.75 0 3.75
5173.533 -3.75 0 3.75
5246.867 -3.75 0 3.75
5459.449 -3.75 0 3.75
5532.782 -3.75 0 3.75
5551.115 -3.75 0 3.75
5569.449 -3.75 0 3.75
6031.157 -3.75 0 3.75
6049.491 -3.75 0 3.75
6067.824 -3.75 0 3.75
6141.157 -3.75 0 3.75
6365.895 -3.75 0 3.75
