-1.0 -0.075 0 -0.075 
222.616 -0.075 0 -0.075 
272.616 0.075 0 -0.075 
285.116 0.1125 0 -0.1125 
310.116 0.1875 0 -0.1875 
322.616 0.225 0 -0.225 
507.288 0.225 0 -0.225 
519.788 0.1875 0 -0.1875 
544.788 0.1125 0 -0.1125 
557.288 0.075 0 -0.075 
607.288 -0.075 0 -0.075 
1056.874 -0.075 0 -0.075 
1131.159 -0.075 0 0.075 
1149.731 -0.1125 0 0.1125 
1186.874 -0.1875 0 0.1875 
1433.388 -0.1875 0 0.1875 
1470.531 -0.1125 0 0.1125 
1489.102 -0.075 0 0.075 
1563.388 -0.075 0 -0.075 
1703.388 -0.075 0 -0.075 
1777.674 0.075 0 -0.075 
1796.245 0.1125 0 -0.1125 
1833.388 0.1875 0 -0.1875 
2118.77 0.1875 0 -0.1875 
2155.913 0.1125 0 -0.1125 
2174.485 0.075 0 -0.075 
2248.77 -0.075 0 -0.075 
4737.323 -0.075 0 -0.075 
4813.99 0.075 0 -0.075 
4833.156 0.1125 0 -0.1125 
4852.323 0.15 0 -0.15 
5046.867 0.15 0 -0.15 
5066.033 0.1125 0 -0.1125 
5085.2 0.075 0 -0.075 
5161.867 -0.075 0 -0.075 
5544.449 -0.075 0 -0.075 
5621.115 0.075 0 -0.075 
5640.282 0.1125 0 -0.1125 
5659.449 0.15 0 -0.15 
5941.157 0.15 0 -0.15 
5960.324 0.1125 0 -0.1125 
5979.491 0.075 0 -0.075 
6056.157 -0.075 0 -0.075 
6365.895 -0.075 0 -0.075 
