-1.0 -0.075 0 -0.075 
222.616 -0.075 0 -0.075 
260.116 0.075 0 -0.075 
269.491 0.1125 0 -0.1125 
288.241 0.1875 0 -0.1875 
297.616 0.225 0 -0.225 
532.288 0.225 0 -0.225 
541.663 0.1875 0 -0.1875 
560.413 0.1125 0 -0.1125 
569.788 0.075 0 -0.075 
607.288 -0.075 0 -0.075 
986.874 -0.075 0 -0.075 
1024.017 -0.075 0 0.075 
1033.302 -0.1125 0 0.1125 
1051.874 -0.1875 0 0.1875 
1568.388 -0.1875 0 0.1875 
1586.959 -0.1125 0 0.1125 
1596.245 -0.075 0 0.075 
1633.388 -0.075 0 -0.075 
1670.531 0.075 0 -0.075 
1679.817 0.1125 0 -0.1125 
1698.388 0.1875 0 -0.1875 
2253.77 0.1875 0 -0.1875 
2272.342 0.1125 0 -0.1125 
2281.627 0.075 0 -0.075 
2318.77 -0.075 0 -0.075 
4652.323 -0.075 0 -0.075 
4688.99 0.075 0 -0.075 
4698.156 0.1125 0 -0.1125 
4707.323 0.15 0 -0.15 
5191.867 0.15 0 -0.15 
5201.033 0.1125 0 -0.1125 
5210.2 0.075 0 -0.075 
5246.867 -0.075 0 -0.075 
5459.449 -0.075 0 -0.075 
5496.115 0.075 0 -0.075 
5505.282 0.1125 0 -0.1125 
5514.449 0.15 0 -0.15 
6086.157 0.15 0 -0.15 
6095.324 0.1125 0 -0.1125 
6104.491 0.075 0 -0.075 
6141.157 -0.075 0 -0.075 
6365.895 -0.075 0 -0.075 
