-1.0 -0.075 0 -0.075 
222.616 -0.075 0 -0.075 
272.616 0.075 0 -0.075 
285.116 0.1125 0 -0.1125 
310.116 0.1875 0 -0.1875 
322.616 0.225 0 -0.225 
507.288 0.225 0 -0.225 
519.788 0.1875 0 -0.1875 
544.788 0.1125 0 -0.1125 
557.288 0.075 0 -0.075 
607.288 -0.075 0 -0.075 
986.874 -0.075 0 -0.075 
1046.874 -0.075 0 0.075 
1061.874 -0.1125 0 0.1125 
1091.874 -0.1875 0 0.1875 
1528.388 -0.1875 0 0.1875 
1558.388 -0.1125 0 0.1125 
1573.388 -0.075 0 0.075 
1633.388 -0.075 0 -0.075 
1693.388 0.075 0 -0.075 
1708.388 0.1125 0 -0.1125 
1738.388 0.1875 0 -0.1875 
2213.77 0.1875 0 -0.1875 
2243.77 0.1125 0 -0.1125 
2258.77 0.075 0 -0.075 
2318.77 -0.075 0 -0.075 
4652.323 -0.075 0 -0.075 
4712.323 0.075 0 -0.075 
4727.323 0.1125 0 -0.1125 
4742.323 0.15 0 -0.15 
5156.867 0.15 0 -0.15 
5171.867 0.1125 0 -0.1125 
5186.867 0.075 0 -0.075 
5246.867 -0.075 0 -0.075 
5459.449 -0.075 0 -0.075 
5519.449 0.075 0 -0.075 
5534.449 0.1125 0 -0.1125 
5549.449 0.15 0 -0.15 
6051.157 0.15 0 -0.15 
6066.157 0.1125 0 -0.1125 
6081.157 0.075 0 -0.075 
6141.157 -0.075 0 -0.075 
6365.895 -0.075 0 -0.075 
