-1.0 -0.075 0 -0.075 
222.616 -0.075 0 -0.075 
272.616 0.075 0 -0.075 
285.116 0.1125 0 -0.1125 
310.116 0.1875 0 -0.1875 
322.616 0.225 0 -0.225 
507.288 0.225 0 -0.225 
519.788 0.1875 0 -0.1875 
544.788 0.1125 0 -0.1125 
557.288 0.075 0 -0.075 
607.288 -0.075 0 -0.075 
986.874 -0.075 0 -0.075 
1035.445 -0.075 0 0.075 
1047.588 -0.1125 0 0.1125 
1071.874 -0.1875 0 0.1875 
1548.388 -0.1875 0 0.1875 
1572.674 -0.1125 0 0.1125 
1584.817 -0.075 0 0.075 
1633.388 -0.075 0 -0.075 
1681.959 0.075 0 -0.075 
1694.102 0.1125 0 -0.1125 
1718.388 0.1875 0 -0.1875 
2233.77 0.1875 0 -0.1875 
2258.056 0.1125 0 -0.1125 
2270.199 0.075 0 -0.075 
2318.77 -0.075 0 -0.075 
4652.323 -0.075 0 -0.075 
4702.323 0.075 0 -0.075 
4714.823 0.1125 0 -0.1125 
4727.323 0.15 0 -0.15 
5171.867 0.15 0 -0.15 
5184.367 0.1125 0 -0.1125 
5196.867 0.075 0 -0.075 
5246.867 -0.075 0 -0.075 
5459.449 -0.075 0 -0.075 
5509.449 0.075 0 -0.075 
5521.949 0.1125 0 -0.1125 
5534.449 0.15 0 -0.15 
6066.157 0.15 0 -0.15 
6078.657 0.1125 0 -0.1125 
6091.157 0.075 0 -0.075 
6141.157 -0.075 0 -0.075 
6365.895 -0.075 0 -0.075 
