-1.0 -3.75 0 3.75
262.616 -3.75 0 3.75
292.616 -3.75 0 3.75
300.116 -3.75 0 3.75
315.116 -3.75 0 3.75
322.616 -3.75 0 3.75
507.288 -3.75 0 3.75
514.788 -3.75 0 3.75
529.788 -3.75 0 3.75
537.288 -3.75 0 3.75
567.288 -3.75 0 3.75
1131.874 -3.75 0 3.75
1163.302 -3.75 0 3.75
1171.159 -3.75 0 3.75
1186.874 -3.75 0 3.75
1433.388 -3.75 0 3.75
1449.102 -3.75 0 3.75
1456.959 -3.75 0 3.75
1488.388 -3.75 0 3.75
1778.388 -3.75 0 3.75
1809.817 -3.75 0 3.75
1817.674 -3.75 0 3.75
1833.388 -3.75 0 3.75
2118.77 -3.75 0 3.75
2134.485 -3.75 0 3.75
2142.342 -3.75 0 3.75
2173.77 -3.75 0 3.75
4807.323 -3.75 0 3.75
4837.323 -3.75 0 3.75
4844.823 -3.75 0 3.75
4852.323 -3.75 0 3.75
5046.867 -3.75 0 3.75
5054.367 -3.75 0 3.75
5061.867 -3.75 0 3.75
5091.867 -3.75 0 3.75
5614.449 -3.75 0 3.75
5644.449 -3.75 0 3.75
5651.949 -3.75 0 3.75
5659.449 -3.75 0 3.75
5941.157 -3.75 0 3.75
5948.657 -3.75 0 3.75
5956.157 -3.75 0 3.75
5986.157 -3.75 0 3.75
6365.895 -3.75 0 3.75
