-1.0 -3.75 0 3.75
222.616 -3.75 0 3.75
252.616 -3.75 0 3.75
260.116 -3.75 0 3.75
275.116 -3.75 0 3.75
282.616 -3.75 0 3.75
547.288 -3.75 0 3.75
554.788 -3.75 0 3.75
569.788 -3.75 0 3.75
577.288 -3.75 0 3.75
607.288 -3.75 0 3.75
986.874 -3.75 0 3.75
1018.302 -3.75 0 3.75
1026.159 -3.75 0 3.75
1041.874 -3.75 0 3.75
1578.388 -3.75 0 3.75
1594.102 -3.75 0 3.75
1601.959 -3.75 0 3.75
1633.388 -3.75 0 3.75
1664.817 -3.75 0 3.75
1672.674 -3.75 0 3.75
1688.388 -3.75 0 3.75
2263.77 -3.75 0 3.75
2279.485 -3.75 0 3.75
2287.342 -3.75 0 3.75
2318.77 -3.75 0 3.75
4652.323 -3.75 0 3.75
4682.323 -3.75 0 3.75
4689.823 -3.75 0 3.75
4697.323 -3.75 0 3.75
5201.867 -3.75 0 3.75
5209.367 -3.75 0 3.75
5216.867 -3.75 0 3.75
5246.867 -3.75 0 3.75
5459.449 -3.75 0 3.75
5489.449 -3.75 0 3.75
5496.949 -3.75 0 3.75
5504.449 -3.75 0 3.75
6096.157 -3.75 0 3.75
6103.657 -3.75 0 3.75
6111.157 -3.75 0 3.75
6141.157 -3.75 0 3.75
6365.895 -3.75 0 3.75
