-1.0 -0.075 0 -0.075 
222.616 -0.075 0 -0.075 
272.616 0.075 0 -0.075 
285.116 0.1125 0 -0.1125 
310.116 0.1875 0 -0.1875 
322.616 0.225 0 -0.225 
507.288 0.225 0 -0.225 
519.788 0.1875 0 -0.1875 
544.788 0.1125 0 -0.1125 
557.288 0.075 0 -0.075 
607.288 -0.075 0 -0.075 
1081.874 -0.075 0 -0.075 
1141.874 -0.075 0 0.075 
1156.874 -0.1125 0 0.1125 
1186.874 -0.1875 0 0.1875 
1433.388 -0.1875 0 0.1875 
1463.388 -0.1125 0 0.1125 
1478.388 -0.075 0 0.075 
1538.388 -0.075 0 -0.075 
1728.388 -0.075 0 -0.075 
1788.388 0.075 0 -0.075 
1803.388 0.1125 0 -0.1125 
1833.388 0.1875 0 -0.1875 
2118.77 0.1875 0 -0.1875 
2148.77 0.1125 0 -0.1125 
2163.77 0.075 0 -0.075 
2223.77 -0.075 0 -0.075 
4762.323 -0.075 0 -0.075 
4822.323 0.075 0 -0.075 
4837.323 0.1125 0 -0.1125 
4852.323 0.15 0 -0.15 
5046.867 0.15 0 -0.15 
5061.867 0.1125 0 -0.1125 
5076.867 0.075 0 -0.075 
5136.867 -0.075 0 -0.075 
5569.449 -0.075 0 -0.075 
5629.449 0.075 0 -0.075 
5644.449 0.1125 0 -0.1125 
5659.449 0.15 0 -0.15 
5941.157 0.15 0 -0.15 
5956.157 0.1125 0 -0.1125 
5971.157 0.075 0 -0.075 
6031.157 -0.075 0 -0.075 
6365.895 -0.075 0 -0.075 
