-1.0 -3.75 0 3.75
247.616 -3.75 0 3.75
285.116 -3.75 0 3.75
294.491 -3.75 0 3.75
313.241 -3.75 0 3.75
322.616 -3.75 0 3.75
507.288 -3.75 0 3.75
516.663 -3.75 0 3.75
535.413 -3.75 0 3.75
544.788 -3.75 0 3.75
582.288 -3.75 0 3.75
1121.874 -3.75 0 3.75
1159.017 -3.75 0 3.75
1168.302 -3.75 0 3.75
1186.874 -3.75 0 3.75
1433.388 -3.75 0 3.75
1451.959 -3.75 0 3.75
1461.245 -3.75 0 3.75
1498.388 -3.75 0 3.75
1768.388 -3.75 0 3.75
1805.531 -3.75 0 3.75
1814.817 -3.75 0 3.75
1833.388 -3.75 0 3.75
2118.77 -3.75 0 3.75
2137.342 -3.75 0 3.75
2146.627 -3.75 0 3.75
2183.77 -3.75 0 3.75
4797.323 -3.75 0 3.75
4833.99 -3.75 0 3.75
4843.156 -3.75 0 3.75
4852.323 -3.75 0 3.75
5046.867 -3.75 0 3.75
5056.033 -3.75 0 3.75
5065.2 -3.75 0 3.75
5101.867 -3.75 0 3.75
5604.449 -3.75 0 3.75
5641.115 -3.75 0 3.75
5650.282 -3.75 0 3.75
5659.449 -3.75 0 3.75
5941.157 -3.75 0 3.75
5950.324 -3.75 0 3.75
5959.491 -3.75 0 3.75
5996.157 -3.75 0 3.75
6365.895 -3.75 0 3.75
