-1.0 -0.075 0 -0.075 
222.616 -0.075 0 -0.075 
252.616 0.075 0 -0.075 
260.116 0.1125 0 -0.1125 
275.116 0.1875 0 -0.1875 
282.616 0.225 0 -0.225 
547.288 0.225 0 -0.225 
554.788 0.1875 0 -0.1875 
569.788 0.1125 0 -0.1125 
577.288 0.075 0 -0.075 
607.288 -0.075 0 -0.075 
986.874 -0.075 0 -0.075 
1018.302 -0.075 0 0.075 
1026.159 -0.1125 0 0.1125 
1041.874 -0.1875 0 0.1875 
1578.388 -0.1875 0 0.1875 
1594.102 -0.1125 0 0.1125 
1601.959 -0.075 0 0.075 
1633.388 -0.075 0 -0.075 
1664.817 0.075 0 -0.075 
1672.674 0.1125 0 -0.1125 
1688.388 0.1875 0 -0.1875 
2263.77 0.1875 0 -0.1875 
2279.485 0.1125 0 -0.1125 
2287.342 0.075 0 -0.075 
2318.77 -0.075 0 -0.075 
4652.323 -0.075 0 -0.075 
4682.323 0.075 0 -0.075 
4689.823 0.1125 0 -0.1125 
4697.323 0.15 0 -0.15 
5201.867 0.15 0 -0.15 
5209.367 0.1125 0 -0.1125 
5216.867 0.075 0 -0.075 
5246.867 -0.075 0 -0.075 
5459.449 -0.075 0 -0.075 
5489.449 0.075 0 -0.075 
5496.949 0.1125 0 -0.1125 
5504.449 0.15 0 -0.15 
6096.157 0.15 0 -0.15 
6103.657 0.1125 0 -0.1125 
6111.157 0.075 0 -0.075 
6141.157 -0.075 0 -0.075 
6365.895 -0.075 0 -0.075 
