-1.0 -0.075 0 -0.075 
247.616 -0.075 0 -0.075 
285.116 0.075 0 -0.075 
294.491 0.1125 0 -0.1125 
313.241 0.1875 0 -0.1875 
322.616 0.225 0 -0.225 
507.288 0.225 0 -0.225 
516.663 0.1875 0 -0.1875 
535.413 0.1125 0 -0.1125 
544.788 0.075 0 -0.075 
582.288 -0.075 0 -0.075 
1121.874 -0.075 0 -0.075 
1159.017 -0.075 0 0.075 
1168.302 -0.1125 0 0.1125 
1186.874 -0.1875 0 0.1875 
1433.388 -0.1875 0 0.1875 
1451.959 -0.1125 0 0.1125 
1461.245 -0.075 0 0.075 
1498.388 -0.075 0 -0.075 
1768.388 -0.075 0 -0.075 
1805.531 0.075 0 -0.075 
1814.817 0.1125 0 -0.1125 
1833.388 0.1875 0 -0.1875 
2118.77 0.1875 0 -0.1875 
2137.342 0.1125 0 -0.1125 
2146.627 0.075 0 -0.075 
2183.77 -0.075 0 -0.075 
4797.323 -0.075 0 -0.075 
4833.99 0.075 0 -0.075 
4843.156 0.1125 0 -0.1125 
4852.323 0.15 0 -0.15 
5046.867 0.15 0 -0.15 
5056.033 0.1125 0 -0.1125 
5065.2 0.075 0 -0.075 
5101.867 -0.075 0 -0.075 
5604.449 -0.075 0 -0.075 
5641.115 0.075 0 -0.075 
5650.282 0.1125 0 -0.1125 
5659.449 0.15 0 -0.15 
5941.157 0.15 0 -0.15 
5950.324 0.1125 0 -0.1125 
5959.491 0.075 0 -0.075 
5996.157 -0.075 0 -0.075 
6365.895 -0.075 0 -0.075 
