-1.0 -3.75 0 3.75
222.616 -3.75 0 3.75
272.616 -3.75 0 3.75
285.116 -3.75 0 3.75
310.116 -3.75 0 3.75
322.616 -3.75 0 3.75
507.288 -3.75 0 3.75
519.788 -3.75 0 3.75
544.788 -3.75 0 3.75
557.288 -3.75 0 3.75
607.288 -3.75 0 3.75
1056.874 -3.75 0 3.75
1131.159 -3.75 0 3.75
1149.731 -3.75 0 3.75
1186.874 -3.75 0 3.75
1433.388 -3.75 0 3.75
1470.531 -3.75 0 3.75
1489.102 -3.75 0 3.75
1563.388 -3.75 0 3.75
1703.388 -3.75 0 3.75
1777.674 -3.75 0 3.75
1796.245 -3.75 0 3.75
1833.388 -3.75 0 3.75
2118.77 -3.75 0 3.75
2155.913 -3.75 0 3.75
2174.485 -3.75 0 3.75
2248.77 -3.75 0 3.75
4737.323 -3.75 0 3.75
4813.99 -3.75 0 3.75
4833.156 -3.75 0 3.75
4852.323 -3.75 0 3.75
5046.867 -3.75 0 3.75
5066.033 -3.75 0 3.75
5085.2 -3.75 0 3.75
5161.867 -3.75 0 3.75
5544.449 -3.75 0 3.75
5621.115 -3.75 0 3.75
5640.282 -3.75 0 3.75
5659.449 -3.75 0 3.75
5941.157 -3.75 0 3.75
5960.324 -3.75 0 3.75
5979.491 -3.75 0 3.75
6056.157 -3.75 0 3.75
6365.895 -3.75 0 3.75
