0020 -3.75 0 3.75
0040 -3.75 0 3.75
0060 -3.75 0 3.75
0080 -3.75 0 3.75
0100 -3.75 0 3.75
0120 -3.75 0 3.75
0140 -3.75 0 3.75
0160 -3.75 0 3.75
0180 -3.75 0 3.75
0200 -3.75 0 3.75
0220 -3.75 0 3.75
0240 -3.75 0 3.75
0260 -3.75 0 3.75
0280 -3.75 0 3.75
0300 -3.75 0 3.75
0320 -3.75 0 3.75
0340 -3.75 0 3.75
0360 -3.75 0 3.75
0380 -3.75 0 3.75
0400 -3.75 0 3.75
0420 -3.75 0 3.75
0440 -3.75 0 3.75
0460 -3.75 0 3.75
0480 -3.75 0 3.75
0500 -3.75 0 3.75
0520 -3.75 0 3.75
0540 -3.75 0 3.75
0560 -3.75 0 3.75
0580 -3.75 0 3.75
0600 -3.75 0 3.75
0620 -3.75 0 3.75
0640 -3.75 0 3.75
0660 -3.75 0 3.75
0680 -3.75 0 3.75
0700 -3.75 0 3.75
0720 -3.75 0 3.75
0740 -3.75 0 3.75
0760 -3.75 0 3.75
0780 -3.75 0 3.75
0800 -3.75 0 3.75
0820 -3.75 0 3.75
0840 -3.75 0 3.75
0860 -3.75 0 3.75
0880 -3.75 0 3.75
0900 -3.75 0 3.75
0920 -3.75 0 3.75
0940 -3.75 0 3.75
0960 -3.75 0 3.75
0980 -3.75 0 3.75
1000 -3.75 0 3.75
1020 -3.75 0 3.75
1040 -3.75 0 3.75
1060 -3.75 0 3.75
1080 -3.75 0 3.75
1100 -3.75 0 3.75
1120 -3.75 0 3.75
1140 -3.75 0 3.75
1160 -3.75 0 3.75
1180 -3.75 0 3.75
1200 -3.75 0 3.75
1220 -3.75 0 3.75
1240 -3.75 0 3.75
1260 -3.75 0 3.75
1280 -3.75 0 3.75
1300 -3.75 0 3.75
1320 -3.75 0 3.75
1340 -3.75 0 3.75
1360 -3.75 0 3.75
1380 -3.75 0 3.75
1400 -3.75 0 3.75
1420 -3.75 0 3.75
1440 -3.75 0 3.75
1460 -3.75 0 3.75
1480 -3.75 0 3.75
1500 -3.75 0 3.75
1520 -3.75 0 3.75
1540 -3.75 0 3.75
1560 -3.75 0 3.75
1580 -3.75 0 3.75
1600 -3.75 0 3.75
1620 -3.75 0 3.75
1640 -3.75 0 3.75
1660 -3.75 0 3.75
1680 -3.75 0 3.75
1700 -3.75 0 3.75
1720 -3.75 0 3.75
1740 -3.75 0 3.75
1760 -3.75 0 3.75
1780 -3.75 0 3.75
1800 -3.75 0 3.75
1820 -3.75 0 3.75
1840 -3.75 0 3.75
1860 -3.75 0 3.75
1880 -3.75 0 3.75
1900 -3.75 0 3.75
1920 -3.75 0 3.75
1940 -3.75 0 3.75
1960 -3.75 0 3.75
1980 -3.75 0 3.75
2000 -3.75 0 3.75
2020 -3.75 0 3.75
2040 -3.75 0 3.75
2060 -3.75 0 3.75
2080 -3.75 0 3.75
2100 -3.75 0 3.75
2120 -3.75 0 3.75
2140 -3.75 0 3.75
2160 -3.75 0 3.75
2180 -3.75 0 3.75
2200 -3.75 0 3.75
2220 -3.75 0 3.75
2240 -3.75 0 3.75
2260 -3.75 0 3.75
2280 -3.75 0 3.75
2300 -3.75 0 3.75
2320 -3.75 0 3.75
2340 -3.75 0 3.75
2360 -3.75 0 3.75
2380 -3.75 0 3.75
2400 -3.75 0 3.75
2420 -3.75 0 3.75
2440 -3.75 0 3.75
2460 -3.75 0 3.75
2480 -3.75 0 3.75
2500 -3.75 0 3.75
2520 -3.75 0 3.75
2540 -3.75 0 3.75
2560 -3.75 0 3.75
2580 -3.75 0 3.75
2600 -3.75 0 3.75
2620 -3.75 0 3.75
2640 -3.75 0 3.75
2660 -3.75 0 3.75
2680 -3.75 0 3.75
2700 -3.75 0 3.75
2720 -3.75 0 3.75
2740 -3.75 0 3.75
2760 -3.75 0 3.75
2780 -3.75 0 3.75
2800 -3.75 0 3.75
2820 -3.75 0 3.75
2840 -3.75 0 3.75
2860 -3.75 0 3.75
2880 -3.75 0 3.75
2900 -3.75 0 3.75
2920 -3.75 0 3.75
2940 -3.75 0 3.75
2960 -3.75 0 3.75
2980 -3.75 0 3.75
3000 -3.75 0 3.75
3020 -3.75 0 3.75
3040 -3.75 0 3.75
3060 -3.75 0 3.75
3080 -3.75 0 3.75
3100 -3.75 0 3.75
3120 -3.75 0 3.75
3140 -3.75 0 3.75
3160 -3.75 0 3.75
3180 -3.75 0 3.75
3200 -3.75 0 3.75
3220 -3.75 0 3.75
3240 -3.75 0 3.75
3260 -3.75 0 3.75
3280 -3.75 0 3.75
3300 -3.75 0 3.75
3320 -3.75 0 3.75
3340 -3.75 0 3.75
3360 -3.75 0 3.75
3380 -3.75 0 3.75
3400 -3.75 0 3.75
3420 -3.75 0 3.75
3440 -3.75 0 3.75
3460 -3.75 0 3.75
3480 -3.75 0 3.75
3500 -3.75 0 3.75
3520 -3.75 0 3.75
3540 -3.75 0 3.75
3560 -3.75 0 3.75
3580 -3.75 0 3.75
3600 -3.75 0 3.75
3620 -3.75 0 3.75
3640 -3.75 0 3.75
3660 -3.75 0 3.75
3680 -3.75 0 3.75
3700 -3.75 0 3.75
3720 -3.75 0 3.75
3740 -3.75 0 3.75
3760 -3.75 0 3.75
3780 -3.75 0 3.75
3800 -3.75 0 3.75
3820 -3.75 0 3.75
3840 -3.75 0 3.75
3860 -3.75 0 3.75
3880 -3.75 0 3.75
3900 -3.75 0 3.75
3920 -3.75 0 3.75
3940 -3.75 0 3.75
3960 -3.75 0 3.75
3980 -3.75 0 3.75
4000 -3.75 0 3.75
4020 -3.75 0 3.75
4040 -3.75 0 3.75
4060 -3.75 0 3.75
4080 -3.75 0 3.75
4100 -3.75 0 3.75
4120 -3.75 0 3.75
4140 -3.75 0 3.75
4160 -3.75 0 3.75
4180 -3.75 0 3.75
4200 -3.75 0 3.75
4220 -3.75 0 3.75
4240 -3.75 0 3.75
4260 -3.75 0 3.75
4280 -3.75 0 3.75
4300 -3.75 0 3.75
4320 -3.75 0 3.75
4340 -3.75 0 3.75
4360 -3.75 0 3.75
4380 -3.75 0 3.75
4400 -3.75 0 3.75
4420 -3.75 0 3.75
4440 -3.75 0 3.75
4460 -3.75 0 3.75
4480 -3.75 0 3.75
4500 -3.75 0 3.75
4520 -3.75 0 3.75
4540 -3.75 0 3.75
4560 -3.75 0 3.75
4580 -3.75 0 3.75
4600 -3.75 0 3.75
4620 -3.75 0 3.75
4640 -3.75 0 3.75
4660 -3.75 0 3.75
4680 -3.75 0 3.75
4700 -3.75 0 3.75
4720 -3.75 0 3.75
4740 -3.75 0 3.75
4760 -3.75 0 3.75
4780 -3.75 0 3.75
4800 -3.75 0 3.75
4820 -3.75 0 3.75
4840 -3.75 0 3.75
4860 -3.75 0 3.75
4880 -3.75 0 3.75
4900 -3.75 0 3.75
4920 -3.75 0 3.75
4940 -3.75 0 3.75
4960 -3.75 0 3.75
4980 -3.75 0 3.75
5000 -3.75 0 3.75
5020 -3.75 0 3.75
5040 -3.75 0 3.75
5060 -3.75 0 3.75
5080 -3.75 0 3.75
5100 -3.75 0 3.75
5120 -3.75 0 3.75
5140 -3.75 0 3.75
5160 -3.75 0 3.75
5180 -3.75 0 3.75
5200 -3.75 0 3.75
5220 -3.75 0 3.75
5240 -3.75 0 3.75
5260 -3.75 0 3.75
5280 -3.75 0 3.75
5300 -3.75 0 3.75
5320 -3.75 0 3.75
5340 -3.75 0 3.75
5360 -3.75 0 3.75
5380 -3.75 0 3.75
5400 -3.75 0 3.75
5420 -3.75 0 3.75
5440 -3.75 0 3.75
5460 -3.75 0 3.75
5480 -3.75 0 3.75
5500 -3.75 0 3.75
5520 -3.75 0 3.75
5540 -3.75 0 3.75
5560 -3.75 0 3.75
5580 -3.75 0 3.75
5600 -3.75 0 3.75
5620 -3.75 0 3.75
5640 -3.75 0 3.75
5660 -3.75 0 3.75
5680 -3.75 0 3.75
5700 -3.75 0 3.75
5720 -3.75 0 3.75
5740 -3.75 0 3.75
5760 -3.75 0 3.75
5780 -3.75 0 3.75
5800 -3.75 0 3.75
5820 -3.75 0 3.75
5840 -3.75 0 3.75
5860 -3.75 0 3.75
5880 -3.75 0 3.75
5900 -3.75 0 3.75
5920 -3.75 0 3.75
5940 -3.75 0 3.75
5960 -3.75 0 3.75
5980 -3.75 0 3.75
6000 -3.75 0 3.75
6020 -3.75 0 3.75
6040 -3.75 0 3.75
6060 -3.75 0 3.75
6080 -3.75 0 3.75
6100 -3.75 0 3.75
6120 -3.75 0 3.75
6140 -3.75 0 3.75
6160 -3.75 0 3.75
6180 -3.75 0 3.75
6200 -3.75 0 3.75
6220 -3.75 0 3.75
6240 -3.75 0 3.75
6260 -3.75 0 3.75
6280 -3.75 0 3.75
6300 -3.75 0 3.75
6320 -3.75 0 3.75
6340 -3.75 0 3.75
6360 -3.75 0 3.75
