-1.0 -3.75 0 3.75
222.616 -3.75 0 3.75
272.616 -3.75 0 3.75
285.116 -3.75 0 3.75
310.116 -3.75 0 3.75
322.616 -3.75 0 3.75
507.288 -3.75 0 3.75
519.788 -3.75 0 3.75
544.788 -3.75 0 3.75
557.288 -3.75 0 3.75
607.288 -3.75 0 3.75
986.874 -3.75 0 3.75
1035.445 -3.75 0 3.75
1047.588 -3.75 0 3.75
1071.874 -3.75 0 3.75
1548.388 -3.75 0 3.75
1572.674 -3.75 0 3.75
1584.817 -3.75 0 3.75
1633.388 -3.75 0 3.75
1681.959 -3.75 0 3.75
1694.102 -3.75 0 3.75
1718.388 -3.75 0 3.75
2233.77 -3.75 0 3.75
2258.056 -3.75 0 3.75
2270.199 -3.75 0 3.75
2318.77 -3.75 0 3.75
4652.323 -3.75 0 3.75
4702.323 -3.75 0 3.75
4714.823 -3.75 0 3.75
4727.323 -3.75 0 3.75
5171.867 -3.75 0 3.75
5184.367 -3.75 0 3.75
5196.867 -3.75 0 3.75
5246.867 -3.75 0 3.75
5459.449 -3.75 0 3.75
5509.449 -3.75 0 3.75
5521.949 -3.75 0 3.75
5534.449 -3.75 0 3.75
6066.157 -3.75 0 3.75
6078.657 -3.75 0 3.75
6091.157 -3.75 0 3.75
6141.157 -3.75 0 3.75
6365.895 -3.75 0 3.75
