-108.978131814 -32.6659926418
-93.7467717348 34.4005642031
-52.1510733582 -31.5405828738
-43.2597151489 32.1255591327
-1.3132372114 -32.4139895865
5.08415656947 30.1567762838
41.1516272443 -33.5499501965
56.5790323163 30.5239874148
92.91197239 -32.6708969758
105.177702405 34.7029115556
146.141656161 -30.6003311637
159.60023979 34.3722803664
198.07491994 -30.8797320221
207.206240068 33.1814409309
245.891475454 -32.3656112849
256.333005707 34.9022620749
290.106176697 -30.9868069233
300.829618634 30.1080299846
349.347738688 -32.0218277573
359.489134309 34.0328045789
391.921036669 -31.4841138681
402.467322286 31.4205051356
446.751196493 -31.4094087849
452.844211703 33.3836646152
491.070064104 -31.9482453937
507.189977241 31.067373053
541.539123107 -34.2534738464
552.635655048 31.9547180117
596.178809072 -33.2523119584
600.759641057 32.1498403093
649.51643038 -32.3655269983
650.700911758 34.0503667273
696.814040054 -31.1022487913
705.397001196 31.1005574938
747.910962205 -32.8335479855
756.49157929 33.5139609886
799.733822287 -30.2391364044
807.336252252 32.7240011019
847.071441128 -30.1695975682
850.448100597 34.5865663269
890.732642508 -32.5132029076
903.533235835 32.1873786148
941.48754418 -34.9630850061
953.466230071 32.8567161561
991.283578031 -32.7953565096
1007.64664476 30.3846328836
1041.17884812 -33.6010720209
1054.6500116 31.124378827
1090.99061059 -33.3991900326
1105.45103516 30.3144332895
1144.81658346 -31.5299845462
1157.65887208 32.2127125813
1190.48256613 -34.8917667236
1203.7399235 34.4404913869
1243.940912 -31.3970132665
1259.72516459 31.0178044124
1298.7579861 -34.6163755443
1304.54736813 30.5399931698
1340.1093331 -33.345336361
1355.52390359 33.3696791234
1397.09599931 -34.1020789037
1402.10526362 31.5649266786
1441.08022429 -32.5283012042
1459.87373535 30.3459776083
1499.99246191 -32.8562546489
1509.74366219 33.9360246381
1541.01448656 -32.6148297224
1557.12510899 30.1570806334
1597.82104595 -30.2961409707
1608.40507659 30.3443590055
1641.54286222 -30.6274426522
1655.64704683 32.416022276
1693.8936542 -32.6681663618
1704.74650473 30.8515343235
1743.74196687 -33.5304464075
1756.66502454 34.5983885166
1793.09274568 -31.5552796553
1803.80815344 32.3392038363
1849.07351695 -30.6671850043
1853.0077156 33.7104388416
1892.52414239 -34.9694297039
1903.84795274 31.2121093608
1943.17270415 -32.7335267439
1959.06366375 32.4543697239
1995.2906423 -33.3748898436
2006.06404593 30.4086317406
2049.79176166 -30.8023737667
2051.95384445 33.1213878194
2091.52291011 -34.8847479712
2100.24483799 31.1644989746
2149.6569304 -32.9425435403
2154.74821483 30.7453950659
2192.42652403 -33.5682582466
2203.31520742 30.4696983542
2244.33411567 -33.3493192634
2254.10547568 30.8523687944
2296.80891043 -34.9153990038
2306.78048115 34.7862503711
2340.16159862 -32.2292217726
2351.22254677 31.9493541233
2399.60331152 -34.6184152891
2404.03121669 33.6002352253
2449.91751575 -32.6354066899
2457.21671257 30.100560931
2492.30765455 -34.8462929073
2500.34497946 30.8478031045
2543.88063151 -33.8327983501
2551.64149251 32.8486631129
2595.09713003 -33.3870747912
2601.14484658 30.8900337774
2645.30349098 -34.1166300913
2654.84300897 30.2971428788
2699.91478025 -31.6302191821
2709.51696881 32.0880550647
2749.86451906 -33.6799843107
2754.4320023 32.1353691854
2796.82573632 -32.3408968673
2801.6324536 31.3347150729
2849.62079348 -33.5997244251
2851.39909195 33.554807875
2897.03437502 -30.4403708598
2904.09730556 30.3604997627
2943.44233097 -34.472645113
2954.72776699 30.6673384611
2991.58816781 -32.8183562168
3006.9394937 33.8127925284
3046.50634236 -30.5356331106
3051.87703199 31.4996945744
3091.1617189 -34.6068712964
3103.82086958 31.7835327793
3140.79466376 -31.6906904454
3158.66816479 33.978036326
3197.50611159 -33.4228145929
3203.48738494 31.875504087
3246.35936376 -32.4681133214
3252.32502937 34.6308339796
3294.4540559 -31.7893602012
3301.23296335 34.2167923274
3349.29541978 -33.0030779276
3353.96933919 30.4541478099
3397.6050319 -33.6122135556
3407.88946185 32.0921042299
3443.22561316 -34.1324144712
3458.61640488 33.5519202862
3493.70134079 -31.6243442412
3501.65583348 33.0931303408
3542.63445574 -33.3410659952
3559.68687095 31.5756125904
3591.28251617 -30.9849380898
3608.00993318 34.8057601481
3646.62380987 -32.1129345463
3659.63010468 30.0073330095
3697.4195527 -31.14452885
3702.68339861 34.7911500861
3740.83539992 -34.9392696989
3755.26271963 30.2464214967
3797.93130249 -32.7832190831
3805.41969 31.3402798708
3844.82988033 -34.4516996715
3850.89974749 31.3741861581
3898.1672399 -32.6359711702
3900.13428685 30.3753208307
3943.17530531 -33.9594965086
3956.98566977 34.2175071544
3997.01354879 -33.5516962115
4009.71694785 34.6433987202
4040.1041545 -31.1875404032
4052.98347524 31.6318257351
4090.52994931 -32.0507931605
4108.06566624 32.3301045769
4146.62247119 -32.0231989914
4158.94930398 33.034019967
4197.85326927 -31.0983100987
4202.69738036 31.0867833362
4241.09356301 -31.580691238
4253.47241348 33.304967915
4296.15818766 -34.8708982489
4306.25074285 33.9656834047
4342.41508178 -31.407274597
4354.22809246 31.8460478485
4396.80611624 -31.6101452597
4403.94553018 34.2197387711
4447.88739312 -32.4890373503
4452.6891434 30.1764617872
4498.3123809 -33.1290145213
4504.13662449 34.0138056205
4546.82416161 -31.1053140551
4553.8319463 31.3184103564
4596.88112756 -30.8739338869
4601.46376322 31.9227904063
4648.09038826 -30.4657984202
4657.54286824 31.0778991587
4692.24294565 -33.2267623254
4704.44321096 34.9481258898
4746.77160694 -30.1302566318
4759.96071523 32.9465520453
4791.56339535 -33.7421228903
4801.98303587 34.584738143
4844.09332958 -30.7065045531
4851.20286589 30.0732741986
4890.62461371 -34.1556813064
4900.90424153 33.111717533
4942.03710562 -32.5463773881
4957.61936968 32.0259182241
4997.99817094 -32.4895374933
5004.85331502 33.6487284537
5042.86792641 -34.5566558298
5055.15805617 30.9559790678
5094.59113613 -34.096286808
5105.25063386 31.9861534541
5144.46063255 -30.7666249121
5153.37805684 32.9627256231
5190.26353477 -31.6759196587
5204.82158132 33.2943336894
5248.29318389 -33.2520469331
5255.90955155 32.5169704507
5299.31544136 -32.3694505714
5306.59031079 34.9436067776
5341.87597038 -33.694855848
5353.84604116 34.5847068523
5397.52682483 -31.7487090711
5401.14842295 34.8821842171
5444.91322259 -31.1886484608
5457.34793808 30.7984010344
5499.85534999 -34.463559528
5501.22706895 34.3153694845
5542.94874701 -32.8362671565
5557.97961832 31.9887634879
5596.40908785 -32.7668484575
5606.75236573 33.3263959085
5648.40785418 -32.5961102833
5653.21823164 30.3388866029
5696.64372865 -32.395232316
5708.06602003 34.8791641961
5742.62908731 -34.1447091723
5753.60255844 34.7234329665
5795.76013911 -34.9882314728
5804.48418703 30.0503293052
5841.05563283 -34.6629706046
5856.91245454 31.0906649038
5895.00556844 -31.0374712842
5902.56798425 30.9484325396
5942.05124237 -33.0223612745
5957.34688178 33.4893552606
5996.08603528 -31.2122068209
6002.36630412 31.6131801269
6049.56365825 -34.5557066448
6053.36233649 30.9705802776
6093.07696607 -30.8802020263
6106.77809147 31.8859100979
6141.33290702 -33.6915480342
6158.76571593 32.4944763222
6199.22258077 -33.3762216824
6208.88729758 31.3572733953
6247.02125736 -30.339554849
6256.90765848 34.0622954489
6290.22860798 -32.0621134267
6305.02378231 30.7421464364
6348.52232415 -32.3729294939
6357.98836398 34.9797619174
6397.64857945 -30.7184875144
6407.75501853 34.4841856541
6448.01763186 -32.0246953738
6459.58558187 31.9133849881
