0 0
17.5166 9.6524
35.0332 19.3048
52.5498 28.9572
70.0664 38.6097
87.5829 48.2621
105.0995 57.9145
122.6161 67.5669
140.1327 77.2193
157.6493 86.8717
175.1659 96.5242
192.6825 106.1766
210.1821 115.8596
227.5450 125.7850
244.6027 136.2248
261.1622 147.4356
276.9952 159.6485
291.8521 173.0298
305.5923 187.5554
318.1277 203.1327
329.3782 219.6619
339.2717 237.0372
347.7451 255.1477
354.7440 273.8774
360.2239 293.1065
364.1494 312.7120
366.5093 332.5673
367.4808 352.5405
367.3762 372.5385
366.5152 392.5192
365.2183 412.4769
363.7913 432.4260
362.3618 452.3748
360.9323 472.3237
359.5027 492.2725
358.0732 512.2213
356.6437 532.1702
355.2142 552.1190
353.7846 572.0679
352.3551 592.0167
350.9256 611.9656
349.4961 631.9144
348.0665 651.8633
346.6370 671.8121
345.2075 691.7610
343.7780 711.7098
342.3484 731.6587
340.9189 751.6075
339.4894 771.5563
338.0599 791.5052
336.6350 811.4544
335.2764 831.4081
334.0830 851.3724
333.1549 871.3507
332.5921 891.3424
332.4949 911.3416
332.9633 931.3353
334.0967 951.3021
335.9934 971.2106
338.7497 991.0180
342.4540 1010.6698
347.1353 1030.1121
352.7823 1049.2961
359.3812 1068.1739
366.9153 1086.6984
375.3658 1104.8231
384.7116 1122.5028
394.9293 1139.6933
405.9935 1156.3517
417.8764 1172.4363
430.5483 1187.9069
443.9776 1202.7248
458.1303 1216.8534
472.9461 1230.2855
488.3304 1243.0632
504.1935 1255.2419
520.4540 1266.8850
537.0382 1278.0628
553.8790 1288.8505
570.9150 1299.3274
588.0893 1309.5761
605.3488 1319.6812
622.6419 1329.7284
639.9187 1339.8037
657.1289 1349.9923
674.2207 1360.3779
691.1395 1371.0429
707.8265 1382.0668
724.2176 1393.5256
740.2428 1405.4904
755.8246 1418.0266
770.8780 1431.1922
785.3097 1445.0358
799.0448 1459.5709
812.0464 1474.7655
824.2829 1490.5828
835.7245 1506.9843
846.3434 1523.9301
856.1137 1541.3788
865.0117 1559.2882
873.0157 1577.6145
880.1062 1596.3133
886.2660 1615.3389
891.4802 1634.6452
895.7359 1654.1851
899.0229 1673.9111
901.3332 1693.7751
902.6807 1713.7279
903.1473 1733.7210
902.8309 1753.7174
901.8302 1773.6915
900.2449 1793.6279
898.1743 1813.5201
895.7177 1833.3684
892.9736 1853.1791
890.0401 1872.9628
887.0151 1892.7327
883.9766 1912.5005
880.9381 1932.2684
877.8997 1952.0362
874.8612 1971.8040
871.8227 1991.5719
868.7842 2011.3397
865.7458 2031.1076
862.7073 2050.8754
859.6688 2070.6433
856.6304 2090.4111
853.5919 2110.1790
850.5534 2129.9468
847.5149 2149.7147
844.4765 2169.4825
841.4380 2189.2503
838.3995 2209.0182
835.3610 2228.7860
832.3226 2248.5539
829.3510 2268.3318
826.5372 2288.1329
823.8819 2307.9557
821.3852 2327.7993
819.0474 2347.6621
816.8686 2367.5430
814.8489 2387.4407
812.9884 2407.3539
811.2873 2427.2814
809.7457 2447.2218
808.3636 2467.1740
807.1412 2487.1365
806.0785 2507.1082
805.1757 2527.0878
804.4327 2547.0739
803.8496 2567.0654
803.4265 2587.0608
803.1633 2607.0591
803.0601 2627.0587
803.1169 2647.0586
803.3338 2667.0574
803.7106 2687.0538
804.2473 2707.0465
804.9440 2727.0343
805.8006 2747.0159
806.8170 2766.9900
807.9931 2786.9554
809.3290 2806.9106
810.8244 2826.8546
812.4793 2846.7860
814.2936 2866.7034
816.2673 2886.6058
818.4000 2906.4917
820.6918 2926.3599
823.1424 2946.2091
825.7518 2966.0381
828.5197 2985.8456
831.4460 3005.6303
834.5305 3025.3910
837.7729 3045.1263
841.1731 3064.8351
844.7309 3084.5161
848.4460 3104.1680
852.3182 3123.7895
856.3473 3143.3794
860.5329 3162.9364
864.8749 3182.4594
869.3729 3201.9470
874.0267 3221.3979
878.8359 3240.8110
883.8003 3260.1851
888.9195 3279.5188
894.1932 3298.8109
899.6210 3318.0602
905.2027 3337.2655
910.9379 3356.4255
916.8261 3375.5390
922.8671 3394.6048
929.0604 3413.6216
935.4056 3432.5884
941.9024 3451.5037
948.5503 3470.3664
955.3488 3489.1754
962.2977 3507.9294
969.3963 3526.6272
976.6443 3545.2676
984.0411 3563.8494
991.5864 3582.3715
999.2796 3600.8326
1007.1203 3619.2315
1015.1079 3637.5672
1023.2419 3655.8384
1031.5218 3674.0439
1039.9471 3692.1826
1048.5173 3710.2533
1057.2317 3728.2548
1066.0899 3746.1861
1075.0912 3764.0459
1084.1837 3781.8596
1093.2777 3799.6725
1102.3718 3817.4854
1111.4658 3835.2982
1120.5599 3853.1111
1129.6539 3870.9240
1138.7480 3888.7369
1147.8420 3906.5497
1156.9361 3924.3626
1166.0301 3942.1755
1175.1241 3959.9883
1184.2182 3977.8012
1193.3122 3995.6141
1202.4063 4013.4269
1211.5003 4031.2398
1220.5944 4049.0527
1229.6884 4066.8656
1238.7825 4084.6784
1247.8765 4102.4913
1256.9705 4120.3042
1266.0640 4138.1173
1275.1324 4155.9433
1284.1184 4173.8108
1292.9622 4191.7492
1301.6030 4209.7861
1309.9793 4227.9473
1318.0283 4246.2558
1325.6859 4264.7313
1332.8864 4283.3895
1339.5627 4302.2415
1345.6467 4321.2927
1351.0949 4340.5354
1355.8988 4359.9489
1360.0530 4379.5118
1363.5529 4399.2022
1366.3946 4418.9984
1368.5751 4438.8783
1370.0917 4458.8197
1370.9429 4478.8007
1371.1278 4498.7989
1370.6492 4518.7923
1369.5487 4538.7613
1367.8933 4558.6921
1365.7506 4578.5765
1363.1879 4598.4113
1360.2724 4618.1975
1357.0707 4637.9394
1353.6492 4657.6445
1350.0739 4677.3223
1346.4105 4696.9839
1342.7215 4716.6407
1339.0320 4736.2975
1335.3426 4755.9542
1331.6532 4775.6110
1327.9637 4795.2678
1324.2743 4814.9245
1320.5848 4834.5813
1316.8954 4854.2380
1313.2059 4873.8948
1309.5165 4893.5515
1305.8271 4913.2083
1302.1258 4932.8628
1298.3572 4952.5045
1294.4559 4972.1203
1290.3570 4991.6956
1285.9956 5011.2141
1281.3077 5030.6566
1276.2302 5050.0010
1270.7011 5069.2209
1264.6597 5088.2860
1258.0475 5107.1604
1250.8195 5125.8076
1242.9741 5144.2036
1234.5199 5162.3279
1225.4664 5180.1604
1215.8236 5197.6812
1205.6022 5214.8710
1194.8137 5231.7105
1183.4699 5248.1811
1171.5835 5264.2646
1159.1677 5279.9429
1146.2363 5295.1988
1132.8036 5310.0152
1118.8846 5324.3757
1104.4948 5338.2644
1089.6562 5351.6727
1074.4195 5364.6270
1058.8402 5377.1676
1042.9702 5389.3383
1026.8576 5401.1862
1010.5474 5412.7608
994.0821 5424.1137
977.5019 5435.2983
960.8454 5446.3689
944.1499 5457.3807
927.4471 5468.3815
910.7444 5479.3823
894.0416 5490.3832
877.3389 5501.3840
860.6361 5512.3848
843.9334 5523.3856
827.2306 5534.3865
810.5279 5545.3873
793.8251 5556.3881
777.1224 5567.3889
760.4196 5578.3897
