HINTCAD5.8_SUP_SHUJU
-3.00 -2.00 -2.00 -1.000 -2.00 -2.00 -3.00
-3.00 -2.00 -2.00 1665.128 -2.00 -2.00 -3.00
9999.00 9999.00 9999.00 1785.128 -2.00 -2.00 9999.00
9999.00 9999.00 9999.00 1815.128 9999.00 9999.00 -3.00
-3.00 4.00 4.00 1845.128 -4.00 -4.00 -4.00
-3.00 4.00 4.00 2204.285 -4.00 -4.00 -4.00
9999.00 9999.00 9999.00 2234.285 9999.00 9999.00 -3.00
9999.00 9999.00 9999.00 2264.285 -2.00 -2.00 9999.00
-3.00 -2.00 -2.00 2384.285 -2.00 -2.00 -3.00
-3.00 -2.00 -2.00 4308.923 -2.00 -2.00 -3.00
