HINTCAD5.8_SUP_SHUJU
-3.00 -2.00 -2.00 -1.000 -2.00 -2.00 -3.00
-3.00 -2.00 -2.00 1701.841 -2.00 -2.00 -3.00
9999.00 -2.00 -2.00 1821.841 9999.00 9999.00 9999.00
-3.00 9999.00 9999.00 1851.841 9999.00 9999.00 9999.00
-5.00 -5.00 -5.00 1911.841 5.00 5.00 -3.00
-5.00 -5.00 -5.00 2145.457 5.00 5.00 -3.00
-3.00 9999.00 9999.00 2205.457 9999.00 9999.00 9999.00
9999.00 -2.00 -2.00 2235.457 9999.00 9999.00 9999.00
-3.00 -2.00 -2.00 2355.457 -2.00 -2.00 -3.00
-3.00 -2.00 -2.00 4304.621 -2.00 -2.00 -3.00
