HINTCAD5.8_SUP_SHUJU
-3.00 -2.00 -2.00 -1.000 -2.00 -2.00 -3.00
-3.00 -2.00 -2.00 1689.848 -2.00 -2.00 -3.00
9999.00 9999.00 9999.00 1809.848 -2.00 -2.00 9999.00
9999.00 9999.00 9999.00 1839.848 9999.00 9999.00 -3.00
-3.00 5.00 5.00 1899.848 -5.00 -5.00 -5.00
-3.00 5.00 5.00 2155.953 -5.00 -5.00 -5.00
9999.00 9999.00 9999.00 2215.953 9999.00 9999.00 -3.00
9999.00 9999.00 9999.00 2245.953 -2.00 -2.00 9999.00
-3.00 -2.00 -2.00 2365.953 -2.00 -2.00 -3.00
-3.00 -2.00 -2.00 4315.311 -2.00 -2.00 -3.00
