HINTCAD5.8_SUP_SHUJU
-3.00 -2.00 -2.00 -1.000 -2.00 -2.00 -3.00
-3.00 -2.00 -2.00 1745.147 -2.00 -2.00 -3.00
9999.00 9999.00 9999.00 1865.147 -2.00 -2.00 9999.00
9999.00 9999.00 9999.00 1895.147 9999.00 9999.00 -3.00
9999.00 5.00 9999.00 1955.147 9999.00 -5.00 -5.00
-3.00 5.00 6.00 1985.147 -6.00 -5.00 -5.00
-3.00 5.00 6.00 2074.115 -6.00 -5.00 -5.00
9999.00 5.00 9999.00 2104.115 9999.00 -5.00 -5.00
9999.00 9999.00 9999.00 2164.115 9999.00 9999.00 -3.00
9999.00 9999.00 9999.00 2194.115 -2.00 -2.00 9999.00
-3.00 -2.00 -2.00 2314.115 -2.00 -2.00 -3.00
-3.00 -2.00 -2.00 4318.772 -2.00 -2.00 -3.00
