HINTCAD5.8_SUP_SHUJU
-3.00 -2.00 -2.00 -1.000 -2.00 -2.00 -3.00
-3.00 -2.00 -2.00 1752.966 -2.00 -2.00 -3.00
9999.00 -2.00 -2.00 1872.966 9999.00 9999.00 9999.00
-3.00 9999.00 9999.00 1902.966 9999.00 9999.00 9999.00
-5.00 -5.00 9999.00 1962.966 9999.00 5.00 9999.00
-5.00 -5.00 -6.00 1992.966 6.00 5.00 -3.00
-5.00 -5.00 -6.00 2067.317 6.00 5.00 -3.00
-5.00 -5.00 9999.00 2097.317 9999.00 5.00 9999.00
-3.00 9999.00 9999.00 2157.317 9999.00 9999.00 9999.00
9999.00 -2.00 -2.00 2187.317 9999.00 9999.00 9999.00
-3.00 -2.00 -2.00 2307.317 -2.00 -2.00 -3.00
-3.00 -2.00 -2.00 4307.606 -2.00 -2.00 -3.00
