       20.000  5.1851  19.3162
       40.000  10.3702  38.6324
       60.000  15.5553  57.9485
       80.000  20.7403  77.2647
      100.000  25.9254  96.5809
      120.000  31.1105  115.8971
      140.000  36.2956  135.2133
      160.000  41.4807  154.5295
      180.000  46.6658  173.8456
      200.000  51.8509  193.1618
      220.000  57.0360  212.4780
      240.000  62.2210  231.7942
      260.000  67.4061  251.1104
      280.000  72.5912  270.4265
      300.000  77.7763  289.7427
      320.000  82.9614  309.0589
      340.000  88.1465  328.3751
      360.000  93.3316  347.6913
      380.000  98.5166  367.0075
      400.000  103.7017  386.3236
      420.000  108.8868  405.6398
      440.000  114.0719  424.9560
      460.000  119.2570  444.2722
      480.000  124.4421  463.5884
      500.000  129.6272  482.9045
      520.000  134.8123  502.2207
      540.000  139.9973  521.5369
      560.000  145.1824  540.8531
      580.000  150.3675  560.1693
      600.000  155.5526  579.4855
      620.000  160.7317  598.8032
      640.000  165.8528  618.1365
      660.000  170.9035  637.4882
      680.000  175.8838  656.8582
      700.000  180.7936  676.2462
      720.000  185.6330  695.6518
      740.000  190.4017  715.0750
      760.000  195.0997  734.5154
      780.000  199.7270  753.9727
      800.000  204.2836  773.4467
      820.000  208.7693  792.9372
      840.000  213.1840  812.4438
      860.000  217.5279  831.9664
      880.000  221.8007  851.5046
      900.000  226.0024  871.0583
      920.000  230.1330  890.6271
      940.000  234.1924  910.2107
      960.000  238.1806  929.8091
      980.000  242.0975  949.4218
     1000.000  245.9430  969.0486
     1020.000  249.7172  988.6892
     1040.000  253.4198  1008.3435
     1060.000  257.0510  1028.0111
     1080.000  260.6107  1047.6917
     1100.000  264.0988  1067.3852
     1120.000  267.5152  1087.0912
     1140.000  270.8600  1106.8095
     1160.000  274.1330  1126.5399
     1180.000  277.3342  1146.2820
     1200.000  280.4637  1166.0357
     1220.000  283.5213  1185.8005
     1240.000  286.5070  1205.5764
     1260.000  289.4208  1225.3630
     1280.000  292.2626  1245.1601
     1300.000  295.0324  1264.9673
     1320.000  297.7301  1284.7845
     1340.000  300.3558  1304.6114
     1360.000  302.9093  1324.4477
     1380.000  305.3907  1344.2932
     1400.000  307.8000  1364.1475
     1420.000  310.1370  1384.0105
     1440.000  312.4017  1403.8819
     1460.000  314.5942  1423.7613
     1480.000  316.7144  1443.6486
     1500.000  318.7623  1463.5435
     1520.000  320.7378  1483.4457
     1540.000  322.6409  1503.3549
     1560.000  324.4716  1523.2709
     1580.000  326.2299  1543.1935
     1600.000  327.9157  1563.1223
     1620.000  329.5290  1583.0571
     1640.000  331.0699  1602.9976
     1660.000  332.5382  1622.9437
     1680.000  333.9339  1642.8949
     1700.000  335.2572  1662.8511
     1720.000  336.5078  1682.8119
     1740.000  337.6858  1702.7772
     1760.000  338.7913  1722.7466
     1780.000  339.8241  1742.7199
     1800.000  340.7843  1762.6968
     1820.000  341.6718  1782.6771
     1840.000  342.4866  1802.6605
     1860.000  343.2288  1822.6467
     1880.000  343.8983  1842.6355
     1900.000  344.4952  1862.6266
     1920.000  345.0193  1882.6197
     1940.000  345.4707  1902.6146
     1960.000  345.8494  1922.6110
     1980.000  346.1554  1942.6086
     2000.000  346.3887  1962.6073
     2020.000  346.5492  1982.6066
     2040.000  346.6370  2002.6064
     2060.000  346.6521  2022.6064
     2080.000  346.5945  2042.6063
     2100.000  346.4641  2062.6059
     2120.000  346.2610  2082.6048
     2140.000  345.9852  2102.6029
     2160.000  345.6367  2122.5998
     2180.000  345.2154  2142.5954
     2200.000  344.7215  2162.5893
     2220.000  344.1548  2182.5812
     2240.000  343.5155  2202.5710
     2260.000  342.8035  2222.5583
     2280.000  342.0188  2242.5429
     2300.000  341.1614  2262.5245
     2320.000  340.2314  2282.5029
     2340.000  339.2287  2302.4777
     2360.000  338.1534  2322.4488
     2380.000  337.0055  2342.4158
     2400.000  335.7850  2362.3785
     2420.000  334.4919  2382.3366
     2440.000  333.1262  2402.2900
     2460.000  331.6880  2422.2382
     2480.000  330.1772  2442.1810
     2500.000  328.5940  2462.1182
     2520.000  326.9383  2482.0496
     2540.000  325.2101  2501.9748
     2560.000  323.4094  2521.8935
     2580.000  321.5363  2541.8056
     2600.000  319.5909  2561.7107
     2620.000  317.5730  2581.6087
     2640.000  315.4829  2601.4992
     2660.000  313.3204  2621.3819
     2680.000  311.0856  2641.2566
     2700.000  308.7786  2661.1231
     2720.000  306.3993  2680.9811
     2740.000  303.9478  2700.8303
     2760.000  301.4242  2720.6704
     2780.000  298.8285  2740.5012
     2800.000  296.1606  2760.3225
     2820.000  293.4207  2780.1339
     2840.000  290.6088  2799.9352
     2860.000  287.7249  2819.7262
     2880.000  284.7690  2839.5066
     2900.000  281.7413  2859.2760
     2920.000  278.6416  2879.0344
     2940.000  275.4702  2898.7813
     2960.000  272.2269  2918.5166
     2980.000  268.9119  2938.2399
     3000.000  265.5252  2957.9511
     3020.000  262.0669  2977.6498
     3040.000  258.5369  2997.3358
     3060.000  254.9354  3017.0088
     3080.000  251.2624  3036.6687
     3100.000  247.5179  3056.3150
     3120.000  243.7020  3075.9476
     3140.000  239.8147  3095.5662
     3160.000  235.8561  3115.1705
     3180.000  231.8263  3134.7603
     3200.000  227.7252  3154.3353
     3220.000  223.5530  3173.8952
     3240.000  219.3097  3193.4399
     3260.000  214.9953  3212.9690
     3280.000  210.6099  3232.4823
     3300.000  206.1537  3251.9795
     3320.000  201.6265  3271.4604
     3340.000  197.0286  3290.9246
     3360.000  192.3599  3310.3721
     3380.000  187.6205  3329.8024
     3400.000  182.8124  3349.2159
     3420.000  177.9835  3368.6241
     3440.000  173.1546  3388.0324
     3460.000  168.3257  3407.4407
     3480.000  163.4968  3426.8490
     3500.000  158.6679  3446.2573
     3520.000  153.8390  3465.6656
     3540.000  149.0101  3485.0739
     3560.000  144.1812  3504.4822
     3580.000  139.3523  3523.8905
     3600.000  134.5234  3543.2988
     3620.000  129.6945  3562.7070
     3640.000  124.8656  3582.1153
     3660.000  120.0367  3601.5236
     3680.000  115.2078  3620.9319
     3700.000  110.3789  3640.3402
     3720.000  105.5500  3659.7485
     3740.000  100.7211  3679.1568
     3760.000  95.8922  3698.5651
     3780.000  91.0633  3717.9734
     3800.000  86.2344  3737.3817
     3820.000  81.4055  3756.7899
     3840.000  76.5766  3776.1982
     3860.000  71.7477  3795.6065
     3880.000  66.9188  3815.0148
     3900.000  62.0899  3834.4231
     3920.000  57.2610  3853.8314
     3940.000  52.4321  3873.2397
     3960.000  47.6032  3892.6480
     3980.000  42.7743  3912.0563
     4000.000  37.9454  3931.4646
     4020.000  33.1165  3950.8728
     4040.000  28.2876  3970.2811
     4060.000  23.4587  3989.6894
     4080.000  18.6298  4009.0977
     4100.000  13.8009  4028.5060
     4120.000  8.9720  4047.9143
     4140.000  4.1431  4067.3226
     4160.000  -0.6858  4086.7309
     4180.000  -5.5147  4106.1392
     4200.000  -10.3436  4125.5475
     4220.000  -15.1725  4144.9557
     4240.000  -20.0014  4164.3640
     4260.000  -24.8303  4183.7723
