       20.000  5.1851  19.3162
       40.000  10.3702  38.6324
       60.000  15.5553  57.9485
       80.000  20.7403  77.2647
      100.000  25.9254  96.5809
      120.000  31.1105  115.8971
      140.000  36.2956  135.2133
      160.000  41.4807  154.5295
      180.000  46.6658  173.8456
      200.000  51.8509  193.1618
      220.000  57.0360  212.4780
      240.000  62.2210  231.7942
      260.000  67.4061  251.1104
      280.000  72.5912  270.4265
      300.000  77.7763  289.7427
      320.000  82.9614  309.0589
      340.000  88.1465  328.3751
      360.000  93.3316  347.6913
      380.000  98.5166  367.0075
      400.000  103.7017  386.3236
      420.000  108.8868  405.6398
      440.000  114.0719  424.9560
      460.000  119.2570  444.2722
      480.000  124.4421  463.5884
      500.000  129.6272  482.9045
      520.000  134.8118  502.2209
      540.000  139.9942  521.5378
      560.000  145.1725  540.8558
      580.000  150.3447  560.1754
      600.000  155.5089  579.4972
      620.000  160.6632  598.8216
      640.000  165.8057  618.1492
      660.000  170.9343  637.4804
      680.000  176.0472  656.8158
      700.000  181.1424  676.1559
      720.000  186.2180  695.5011
      740.000  191.2721  714.8520
      760.000  196.3027  734.2090
      780.000  201.3078  753.5726
      800.000  206.2856  772.9432
      820.000  211.2340  792.3214
      840.000  216.1512  811.7075
      860.000  221.0351  831.1020
      880.000  225.8838  850.5054
      900.000  230.6954  869.9179
      920.000  235.4679  889.3402
      940.000  240.1994  908.7725
      960.000  244.8877  928.2152
      980.000  249.5311  947.6687
     1000.000  254.1276  967.1333
     1020.000  258.6750  986.6095
     1040.000  263.1716  1006.0974
     1060.000  267.6152  1025.5975
     1080.000  272.0040  1045.1100
     1100.000  276.3359  1064.6353
     1120.000  280.6089  1084.1735
     1140.000  284.8211  1103.7249
     1160.000  288.9704  1123.2897
     1180.000  293.0548  1142.8682
     1200.000  297.0724  1162.4605
     1220.000  301.0211  1182.0668
     1240.000  304.8990  1201.6872
     1260.000  308.7039  1221.3219
     1280.000  312.4340  1240.9710
     1300.000  316.0871  1260.6346
     1320.000  319.6612  1280.3126
     1340.000  323.1544  1300.0052
     1360.000  326.5646  1319.7123
     1380.000  329.8897  1339.4339
     1400.000  333.1277  1359.1700
     1420.000  336.2766  1378.9206
     1440.000  339.3344  1398.6854
     1460.000  342.2989  1418.4645
     1480.000  345.1682  1438.2575
     1500.000  347.9402  1458.0645
     1520.000  350.6134  1477.8850
     1540.000  353.1874  1497.7187
     1560.000  355.6622  1517.5649
     1580.000  358.0378  1537.4233
     1600.000  360.3140  1557.2934
     1620.000  362.4909  1577.1745
     1640.000  364.5683  1597.0663
     1660.000  366.5463  1616.9682
     1680.000  368.4247  1636.8798
     1700.000  370.2035  1656.8005
     1720.000  371.8827  1676.7299
     1740.000  373.4622  1696.6674
     1760.000  374.9421  1716.6126
     1780.000  376.3222  1736.5649
     1800.000  377.6025  1756.5238
     1820.000  378.7830  1776.4889
     1840.000  379.8636  1796.4597
     1860.000  380.8444  1816.4356
     1880.000  381.7253  1836.4162
     1900.000  382.5063  1856.4009
     1920.000  383.1873  1876.3893
     1940.000  383.7684  1896.3808
     1960.000  384.2496  1916.3750
     1980.000  384.6307  1936.3714
     2000.000  384.9119  1956.3694
     2020.000  385.0931  1976.3685
     2040.000  385.1743  1996.3683
     2060.000  385.1554  2016.3683
     2080.000  385.0366  2036.3679
     2100.000  384.8178  2056.3667
     2120.000  384.4990  2076.3642
     2140.000  384.0802  2096.3597
     2160.000  383.5615  2116.3530
     2180.000  382.9428  2136.3434
     2200.000  382.2241  2156.3305
     2220.000  381.4055  2176.3137
     2240.000  380.4870  2196.2926
     2260.000  379.4686  2216.2666
     2280.000  378.3504  2236.2353
     2300.000  377.1323  2256.1981
     2320.000  375.8145  2276.1547
     2340.000  374.3969  2296.1043
     2360.000  372.8795  2316.0467
     2380.000  371.2625  2335.9812
     2400.000  369.5458  2355.9073
     2420.000  367.7294  2375.8247
     2440.000  365.8136  2395.7327
     2460.000  363.7982  2415.6308
     2480.000  361.6833  2435.5187
     2500.000  359.4691  2455.3957
     2520.000  357.1554  2475.2614
     2540.000  354.7428  2495.1154
     2560.000  352.2327  2514.9572
     2580.000  349.6272  2534.7867
     2600.000  346.9284  2554.6038
     2620.000  344.1383  2574.4082
     2640.000  341.2590  2594.1998
     2660.000  338.2924  2613.9786
     2680.000  335.2407  2633.7444
     2700.000  332.1058  2653.4971
     2720.000  328.8898  2673.2369
     2740.000  325.5946  2692.9635
     2760.000  322.2225  2712.6772
     2780.000  318.7752  2732.3778
     2800.000  315.2549  2752.0656
     2820.000  311.6636  2771.7405
     2840.000  308.0034  2791.4027
     2860.000  304.2761  2811.0523
     2880.000  300.4838  2830.6895
     2900.000  296.6285  2850.3144
     2920.000  292.7123  2869.9272
     2940.000  288.7371  2889.5281
     2960.000  284.7049  2909.1174
     2980.000  280.6177  2928.6954
     3000.000  276.4775  2948.2621
     3020.000  272.2862  2967.8180
     3040.000  268.0460  2987.3634
     3060.000  263.7586  3006.8984
     3080.000  259.4262  3026.4235
     3100.000  255.0507  3045.9390
     3120.000  250.6341  3065.4453
     3140.000  246.1783  3084.9426
     3160.000  241.6852  3104.4314
     3180.000  237.1570  3123.9120
     3200.000  232.5955  3143.3849
     3220.000  228.0026  3162.8504
     3240.000  223.3805  3182.3089
     3260.000  218.7309  3201.7610
     3280.000  214.0559  3221.2069
     3300.000  209.3573  3240.6471
     3320.000  204.6373  3260.0822
     3340.000  199.8976  3279.5125
     3360.000  195.1403  3298.9384
     3380.000  190.3673  3318.3605
     3400.000  185.5806  3337.7793
     3420.000  180.7820  3357.1951
     3440.000  175.9735  3376.6084
     3460.000  171.1572  3396.0199
     3480.000  166.3348  3415.4298
     3500.000  161.5085  3434.8387
     3520.000  156.6800  3454.2471
     3540.000  151.8511  3473.6554
     3560.000  147.0222  3493.0637
     3580.000  142.1933  3512.4719
     3600.000  137.3644  3531.8802
     3620.000  132.5355  3551.2885
     3640.000  127.7066  3570.6968
     3660.000  122.8777  3590.1051
     3680.000  118.0488  3609.5134
     3700.000  113.2199  3628.9217
     3720.000  108.3910  3648.3300
     3740.000  103.5621  3667.7383
     3760.000  98.7332  3687.1466
     3780.000  93.9043  3706.5548
     3800.000  89.0754  3725.9631
     3820.000  84.2465  3745.3714
     3840.000  79.4176  3764.7797
     3860.000  74.5887  3784.1880
     3880.000  69.7598  3803.5963
     3900.000  64.9309  3823.0046
     3920.000  60.1020  3842.4129
     3940.000  55.2731  3861.8212
     3960.000  50.4442  3881.2295
     3980.000  45.6153  3900.6377
     4000.000  40.7864  3920.0460
     4020.000  35.9575  3939.4543
     4040.000  31.1286  3958.8626
     4060.000  26.2997  3978.2709
     4080.000  21.4708  3997.6792
     4100.000  16.6419  4017.0875
     4120.000  11.8130  4036.4958
     4140.000  6.9841  4055.9041
     4160.000  2.1552  4075.3124
     4180.000  -2.6737  4094.7206
     4200.000  -7.5026  4114.1289
     4220.000  -12.3315  4133.5372
     4240.000  -17.1604  4152.9455
     4260.000  -21.9893  4172.3538
