       20.000  5.1851  19.3162
       40.000  10.3702  38.6324
       60.000  15.5553  57.9485
       80.000  20.7403  77.2647
      100.000  25.9254  96.5809
      120.000  31.1105  115.8971
      140.000  36.2956  135.2133
      160.000  41.4807  154.5295
      180.000  46.6658  173.8456
      200.000  51.8509  193.1618
      220.000  57.0360  212.4780
      240.000  62.2210  231.7942
      260.000  67.4061  251.1104
      280.000  72.5912  270.4265
      300.000  77.7763  289.7427
      320.000  82.9614  309.0589
      340.000  88.1465  328.3751
      360.000  93.3316  347.6913
      380.000  98.5166  367.0075
      400.000  103.7017  386.3236
      420.000  108.8868  405.6398
      440.000  114.0719  424.9560
      460.000  119.2570  444.2722
      480.000  124.4421  463.5884
      500.000  129.6272  482.9045
      520.000  134.8123  502.2207
      540.000  139.9973  521.5369
      560.000  145.1824  540.8531
      580.000  150.3675  560.1693
      600.000  155.5526  579.4855
      620.000  160.7377  598.8016
      640.000  165.9228  618.1178
      660.000  171.1079  637.4340
      680.000  176.2929  656.7502
      700.000  181.4780  676.0664
      720.000  186.6631  695.3825
      740.000  191.8482  714.6987
      760.000  197.0333  734.0149
      780.000  202.2184  753.3311
      800.000  207.4035  772.6473
      820.000  212.5886  791.9635
      840.000  217.7736  811.2796
      860.000  222.9587  830.5958
      880.000  228.1438  849.9120
      900.000  233.3284  869.2283
      920.000  238.5099  888.5455
      940.000  243.6847  907.8644
      960.000  248.8495  927.1860
      980.000  254.0007  946.5112
     1000.000  259.1351  965.8410
     1020.000  264.2490  985.1761
     1040.000  269.3392  1004.5175
     1060.000  274.4021  1023.8661
     1080.000  279.4342  1043.2227
     1100.000  284.4322  1062.5881
     1120.000  289.3926  1081.9632
     1140.000  294.3118  1101.3488
     1160.000  299.1865  1120.7456
     1180.000  304.0132  1140.1545
     1200.000  308.7883  1159.5761
     1220.000  313.5084  1179.0111
     1240.000  318.1700  1198.4602
     1260.000  322.7696  1217.9241
     1280.000  327.3037  1237.4034
     1300.000  331.7687  1256.8986
     1320.000  336.1612  1276.4103
     1340.000  340.4776  1295.9389
     1360.000  344.7143  1315.4850
     1380.000  348.8679  1335.0490
     1400.000  352.9347  1354.6311
     1420.000  356.9112  1374.2318
     1440.000  360.7938  1393.8513
     1460.000  364.5790  1413.4898
     1480.000  368.2631  1433.1475
     1500.000  371.8426  1452.8246
     1520.000  375.3138  1472.5210
     1540.000  378.6732  1492.2368
     1560.000  381.9171  1511.9720
     1580.000  385.0419  1531.7263
     1600.000  388.0440  1551.4997
     1620.000  390.9197  1571.2918
     1640.000  393.6655  1591.1024
     1660.000  396.2793  1610.9308
     1680.000  398.7608  1630.7763
     1700.000  401.1100  1650.6378
     1720.000  403.3267  1670.5145
     1740.000  405.4108  1690.4056
     1760.000  407.3623  1710.3101
     1780.000  409.1811  1730.2272
     1800.000  410.8670  1750.1560
     1820.000  412.4200  1770.0956
     1840.000  413.8401  1790.0450
     1860.000  415.1271  1810.0036
     1880.000  416.2811  1829.9702
     1900.000  417.3019  1849.9441
     1920.000  418.1896  1869.9243
     1940.000  418.9440  1889.9101
     1960.000  419.5652  1909.9004
     1980.000  420.0530  1929.8944
     2000.000  420.4076  1949.8912
     2020.000  420.6289  1969.8900
     2040.000  420.7168  1989.8897
     2060.000  420.6714  2009.8896
     2080.000  420.4927  2029.8888
     2100.000  420.1806  2049.8863
     2120.000  419.7353  2069.8813
     2140.000  419.1566  2089.8729
     2160.000  418.4447  2109.8602
     2180.000  417.5996  2129.8423
     2200.000  416.6212  2149.8183
     2220.000  415.5097  2169.7874
     2240.000  414.2652  2189.7486
     2260.000  412.8875  2209.7010
     2280.000  411.3769  2229.6439
     2300.000  409.7334  2249.5762
     2320.000  407.9570  2269.4971
     2340.000  406.0478  2289.4057
     2360.000  404.0060  2309.3012
     2380.000  401.8316  2329.1826
     2400.000  399.5247  2349.0491
     2420.000  397.0860  2368.8998
     2440.000  394.5186  2388.7343
     2460.000  391.8261  2408.5522
     2480.000  389.0121  2428.3532
     2500.000  386.0803  2448.1372
     2520.000  383.0344  2467.9038
     2540.000  379.8778  2487.6531
     2560.000  376.6142  2507.3850
     2580.000  373.2472  2527.0995
     2600.000  369.7804  2546.7968
     2620.000  366.2174  2566.4768
     2640.000  362.5618  2586.1399
     2660.000  358.8171  2605.7862
     2680.000  354.9869  2625.4160
     2700.000  351.0748  2645.0296
     2720.000  347.0843  2664.6274
     2740.000  343.0189  2684.2099
     2760.000  338.8823  2703.7774
     2780.000  334.6779  2723.3305
     2800.000  330.4093  2742.8696
     2820.000  326.0799  2762.3954
     2840.000  321.6933  2781.9084
     2860.000  317.2531  2801.4093
     2880.000  312.7626  2820.8987
     2900.000  308.2253  2840.3772
     2920.000  303.6449  2859.8456
     2940.000  299.0247  2879.3046
     2960.000  294.3682  2898.7550
     2980.000  289.6789  2918.1975
     3000.000  284.9603  2937.6329
     3020.000  280.2159  2957.0620
     3040.000  275.4490  2976.4856
     3060.000  270.6632  2995.9046
     3080.000  265.8618  3015.3197
     3100.000  261.0485  3034.7319
     3120.000  256.2265  3054.1419
     3140.000  251.3995  3073.5506
     3160.000  246.5706  3092.9589
     3180.000  241.7417  3112.3672
     3200.000  236.9128  3131.7755
     3220.000  232.0839  3151.1838
     3240.000  227.2550  3170.5921
     3260.000  222.4261  3190.0004
     3280.000  217.5972  3209.4087
     3300.000  212.7683  3228.8170
     3320.000  207.9394  3248.2253
     3340.000  203.1105  3267.6335
     3360.000  198.2816  3287.0418
     3380.000  193.4527  3306.4501
     3400.000  188.6238  3325.8584
     3420.000  183.7949  3345.2667
     3440.000  178.9660  3364.6750
     3460.000  174.1371  3384.0833
     3480.000  169.3082  3403.4916
     3500.000  164.4793  3422.8999
     3520.000  159.6504  3442.3082
     3540.000  154.8215  3461.7164
     3560.000  149.9926  3481.1247
     3580.000  145.1637  3500.5330
     3600.000  140.3348  3519.9413
     3620.000  135.5059  3539.3496
     3640.000  130.6770  3558.7579
     3660.000  125.8481  3578.1662
     3680.000  121.0192  3597.5745
     3700.000  116.1903  3616.9828
     3720.000  111.3614  3636.3911
     3740.000  106.5325  3655.7993
     3760.000  101.7036  3675.2076
     3780.000  96.8747  3694.6159
     3800.000  92.0458  3714.0242
     3820.000  87.2169  3733.4325
     3840.000  82.3880  3752.8408
     3860.000  77.5591  3772.2491
     3880.000  72.7302  3791.6574
     3900.000  67.9013  3811.0657
     3920.000  63.0724  3830.4740
     3940.000  58.2435  3849.8822
     3960.000  53.4146  3869.2905
     3980.000  48.5857  3888.6988
     4000.000  43.7568  3908.1071
     4020.000  38.9279  3927.5154
     4040.000  34.0990  3946.9237
     4060.000  29.2701  3966.3320
     4080.000  24.4412  3985.7403
     4100.000  19.6123  4005.1486
     4120.000  14.7834  4024.5569
     4140.000  9.9545  4043.9651
     4160.000  5.1256  4063.3734
     4180.000  0.2967  4082.7817
     4200.000  -4.5322  4102.1900
     4220.000  -9.3611  4121.5983
     4240.000  -14.1900  4141.0066
     4260.000  -19.0189  4160.4149
     4280.000  -23.8478  4179.8232
