       20.000  5.1851  19.3162
       40.000  10.3702  38.6324
       60.000  15.5553  57.9485
       80.000  20.7403  77.2647
      100.000  25.9254  96.5809
      120.000  31.1105  115.8971
      140.000  36.2956  135.2133
      160.000  41.4807  154.5295
      180.000  46.6658  173.8456
      200.000  51.8509  193.1618
      220.000  57.0360  212.4780
      240.000  62.2210  231.7942
      260.000  67.4061  251.1104
      280.000  72.5912  270.4265
      300.000  77.7763  289.7427
      320.000  82.9614  309.0589
      340.000  88.1465  328.3751
      360.000  93.3316  347.6913
      380.000  98.5166  367.0075
      400.000  103.7017  386.3236
      420.000  108.8868  405.6398
      440.000  114.0719  424.9560
      460.000  119.2570  444.2722
      480.000  124.4421  463.5884
      500.000  129.6272  482.9045
      520.000  134.8123  502.2207
      540.000  139.9973  521.5369
      560.000  145.1824  540.8531
      580.000  150.3675  560.1693
      600.000  155.5526  579.4855
      620.000  160.7377  598.8016
      640.000  165.9228  618.1178
      660.000  171.1079  637.4340
      680.000  176.2929  656.7502
      700.000  181.4780  676.0664
      720.000  186.6631  695.3825
      740.000  191.8482  714.6987
      760.000  197.0333  734.0149
      780.000  202.2184  753.3311
      800.000  207.4035  772.6473
      820.000  212.5886  791.9635
      840.000  217.7736  811.2796
      860.000  222.9587  830.5958
      880.000  228.1438  849.9120
      900.000  233.3289  869.2282
      920.000  238.5140  888.5444
      940.000  243.6991  907.8605
      960.000  248.8842  927.1767
      980.000  254.0692  946.4929
     1000.000  259.2543  965.8091
     1020.000  264.4394  985.1253
     1040.000  269.6245  1004.4415
     1060.000  274.8096  1023.7576
     1080.000  279.9947  1043.0738
     1100.000  285.1798  1062.3900
     1120.000  290.3649  1081.7062
     1140.000  295.5499  1101.0224
     1160.000  300.7350  1120.3385
     1180.000  305.9201  1139.6547
     1200.000  311.1052  1158.9709
     1220.000  316.2903  1178.2871
     1240.000  321.4754  1197.6033
     1260.000  326.6605  1216.9194
     1280.000  331.8451  1236.2358
     1300.000  337.0241  1255.5536
     1320.000  342.1899  1274.8749
     1340.000  347.3346  1294.2019
     1360.000  352.4506  1313.5365
     1380.000  357.5301  1332.8807
     1400.000  362.5654  1352.2365
     1420.000  367.5486  1371.6057
     1440.000  372.4720  1390.9902
     1460.000  377.3278  1410.3918
     1480.000  382.1081  1429.8121
     1500.000  386.8051  1449.2527
     1520.000  391.4110  1468.7151
     1540.000  395.9178  1488.2007
     1560.000  400.3176  1507.7107
     1580.000  404.6024  1527.2463
     1600.000  408.7644  1546.8084
     1620.000  412.7954  1566.3979
     1640.000  416.6875  1586.0155
     1660.000  420.4326  1605.6617
     1680.000  424.0227  1625.3368
     1700.000  427.4496  1645.0409
     1720.000  430.7052  1664.7741
     1740.000  433.7813  1684.5361
     1760.000  436.6698  1704.3263
     1780.000  439.3630  1724.1441
     1800.000  441.8579  1743.9877
     1820.000  444.1543  1763.8554
     1840.000  446.2518  1783.7450
     1860.000  448.1504  1803.6546
     1880.000  449.8498  1823.5822
     1900.000  451.3498  1843.5258
     1920.000  452.6503  1863.4834
     1940.000  453.7512  1883.4530
     1960.000  454.6524  1903.4326
     1980.000  455.3536  1923.4202
     2000.000  455.8550  1943.4138
     2020.000  456.1565  1963.4115
     2040.000  456.2579  1983.4111
     2060.000  456.1593  2003.4108
     2080.000  455.8608  2023.4085
     2100.000  455.3623  2043.4022
     2120.000  454.6639  2063.3899
     2140.000  453.7656  2083.3696
     2160.000  452.6676  2103.3394
     2180.000  451.3700  2123.2972
     2200.000  449.8728  2143.2410
     2220.000  448.1763  2163.1688
     2240.000  446.2806  2183.0787
     2260.000  444.1859  2202.9686
     2280.000  441.8924  2222.8366
     2300.000  439.4022  2242.6809
     2320.000  436.7224  2262.5004
     2340.000  433.8612  2282.2947
     2360.000  430.8268  2302.0631
     2380.000  427.6273  2321.8054
     2400.000  424.2708  2341.5217
     2420.000  420.7654  2361.2121
     2440.000  417.1192  2380.8769
     2460.000  413.3402  2400.5165
     2480.000  409.4364  2420.1318
     2500.000  405.4158  2439.7235
     2520.000  401.2864  2459.2925
     2540.000  397.0562  2478.8400
     2560.000  392.7330  2498.3672
     2580.000  388.3248  2517.8753
     2600.000  383.8394  2537.3658
     2620.000  379.2847  2556.8403
     2640.000  374.6685  2576.3003
     2660.000  369.9987  2595.7474
     2680.000  365.2831  2615.1836
     2700.000  360.5295  2634.6104
     2720.000  355.7456  2654.0299
     2740.000  350.9392  2673.4437
     2760.000  346.1182  2692.8540
     2780.000  341.2902  2712.2625
     2800.000  336.4613  2731.6708
     2820.000  331.6324  2751.0791
     2840.000  326.8035  2770.4874
     2860.000  321.9746  2789.8957
     2880.000  317.1457  2809.3040
     2900.000  312.3168  2828.7122
     2920.000  307.4879  2848.1205
     2940.000  302.6590  2867.5288
     2960.000  297.8301  2886.9371
     2980.000  293.0012  2906.3454
     3000.000  288.1723  2925.7537
     3020.000  283.3434  2945.1620
     3040.000  278.5145  2964.5703
     3060.000  273.6856  2983.9786
     3080.000  268.8567  3003.3869
     3100.000  264.0278  3022.7951
     3120.000  259.1989  3042.2034
     3140.000  254.3700  3061.6117
     3160.000  249.5411  3081.0200
     3180.000  244.7122  3100.4283
     3200.000  239.8833  3119.8366
     3220.000  235.0544  3139.2449
     3240.000  230.2255  3158.6532
     3260.000  225.3966  3178.0615
     3280.000  220.5677  3197.4698
     3300.000  215.7388  3216.8780
     3320.000  210.9099  3236.2863
     3340.000  206.0810  3255.6946
     3360.000  201.2521  3275.1029
     3380.000  196.4232  3294.5112
     3400.000  191.5943  3313.9195
     3420.000  186.7654  3333.3278
     3440.000  181.9365  3352.7361
     3460.000  177.1076  3372.1444
     3480.000  172.2787  3391.5527
     3500.000  167.4498  3410.9609
     3520.000  162.6209  3430.3692
     3540.000  157.7920  3449.7775
     3560.000  152.9631  3469.1858
     3580.000  148.1342  3488.5941
     3600.000  143.3053  3508.0024
     3620.000  138.4764  3527.4107
     3640.000  133.6475  3546.8190
     3660.000  128.8186  3566.2273
     3680.000  123.9897  3585.6356
     3700.000  119.1608  3605.0438
     3720.000  114.3319  3624.4521
     3740.000  109.5030  3643.8604
     3760.000  104.6741  3663.2687
     3780.000  99.8452  3682.6770
     3800.000  95.0163  3702.0853
     3820.000  90.1874  3721.4936
     3840.000  85.3585  3740.9019
     3860.000  80.5296  3760.3102
     3880.000  75.7007  3779.7185
     3900.000  70.8718  3799.1267
     3920.000  66.0429  3818.5350
     3940.000  61.2140  3837.9433
     3960.000  56.3851  3857.3516
     3980.000  51.5562  3876.7599
     4000.000  46.7273  3896.1682
     4020.000  41.8984  3915.5765
     4040.000  37.0695  3934.9848
     4060.000  32.2406  3954.3931
     4080.000  27.4117  3973.8014
     4100.000  22.5828  3993.2096
     4120.000  17.7539  4012.6179
     4140.000  12.9250  4032.0262
     4160.000  8.0961  4051.4345
     4180.000  3.2672  4070.8428
     4200.000  -1.5617  4090.2511
     4220.000  -6.3906  4109.6594
     4240.000  -11.2195  4129.0677
     4260.000  -16.0484  4148.4760
     4280.000  -20.8773  4167.8843
