       20.000  5.1851  19.3162
       40.000  10.3702  38.6324
       60.000  15.5553  57.9485
       80.000  20.7403  77.2647
      100.000  25.9254  96.5809
      120.000  31.1105  115.8971
      140.000  36.2956  135.2133
      160.000  41.4807  154.5295
      180.000  46.6658  173.8456
      200.000  51.8509  193.1618
      220.000  57.0360  212.4780
      240.000  62.2210  231.7942
      260.000  67.4061  251.1104
      280.000  72.5912  270.4265
      300.000  77.7763  289.7427
      320.000  82.9614  309.0589
      340.000  88.1465  328.3751
      360.000  93.3316  347.6913
      380.000  98.5166  367.0075
      400.000  103.7017  386.3236
      420.000  108.8868  405.6398
      440.000  114.0719  424.9560
      460.000  119.2570  444.2722
      480.000  124.4421  463.5884
      500.000  129.6272  482.9045
      520.000  134.8123  502.2207
      540.000  139.9973  521.5369
      560.000  145.1824  540.8531
      580.000  150.3675  560.1693
      600.000  155.5526  579.4855
      620.000  160.7377  598.8016
      640.000  165.9228  618.1178
      660.000  171.1079  637.4340
      680.000  176.2929  656.7502
      700.000  181.4780  676.0664
      720.000  186.6631  695.3825
      740.000  191.8482  714.6987
      760.000  197.0333  734.0149
      780.000  202.2184  753.3311
      800.000  207.4035  772.6473
      820.000  212.5886  791.9635
      840.000  217.7736  811.2796
      860.000  222.9587  830.5958
      880.000  228.1438  849.9120
      900.000  233.3289  869.2282
      920.000  238.5140  888.5444
      940.000  243.6991  907.8605
      960.000  248.8842  927.1767
      980.000  254.0692  946.4929
     1000.000  259.2543  965.8091
     1020.000  264.4394  985.1253
     1040.000  269.6245  1004.4415
     1060.000  274.8096  1023.7576
     1080.000  279.9947  1043.0738
     1100.000  285.1798  1062.3900
     1120.000  290.3649  1081.7062
     1140.000  295.5499  1101.0224
     1160.000  300.7350  1120.3385
     1180.000  305.9201  1139.6547
     1200.000  311.1052  1158.9709
     1220.000  316.2903  1178.2871
     1240.000  321.4754  1197.6033
     1260.000  326.6605  1216.9194
     1280.000  331.8455  1236.2356
     1300.000  337.0306  1255.5518
     1320.000  342.2157  1274.8680
     1340.000  347.4008  1294.1842
     1360.000  352.5859  1313.5004
     1380.000  357.7710  1332.8165
     1400.000  362.9561  1352.1327
     1420.000  368.1412  1371.4489
     1440.000  373.3262  1390.7651
     1460.000  378.5104  1410.0815
     1480.000  383.6850  1429.4005
     1500.000  388.8372  1448.7255
     1520.000  393.9539  1468.0599
     1540.000  399.0224  1487.4070
     1560.000  404.0297  1506.7700
     1580.000  408.9629  1526.1520
     1600.000  413.8088  1545.5561
     1620.000  418.5545  1564.9848
     1640.000  423.1868  1584.4410
     1660.000  427.6927  1603.9267
     1680.000  432.0589  1623.4443
     1700.000  436.2722  1642.9954
     1720.000  440.3192  1662.5816
     1740.000  444.1865  1682.2040
     1760.000  447.8609  1701.8635
     1780.000  451.3286  1721.5605
     1800.000  454.5763  1741.2949
     1820.000  457.5904  1761.0664
     1840.000  460.3571  1780.8740
     1860.000  462.8638  1800.7161
     1880.000  465.1058  1820.5899
     1900.000  467.0826  1840.4918
     1920.000  468.7939  1860.4183
     1940.000  470.2393  1880.3659
     1960.000  471.4186  1900.3309
     1980.000  472.3317  1920.3099
     2000.000  472.9783  1940.2993
     2020.000  473.3583  1960.2956
     2040.000  473.4716  1980.2951
     2060.000  473.3184  2000.2944
     2080.000  472.8984  2020.2898
     2100.000  472.2119  2040.2779
     2120.000  471.2590  2060.2550
     2140.000  470.0398  2080.2177
     2160.000  468.5546  2100.1623
     2180.000  466.8035  2120.0853
     2200.000  464.7870  2139.9833
     2220.000  462.5064  2159.8527
     2240.000  459.9716  2179.6913
     2260.000  457.1960  2199.4976
     2280.000  454.1933  2219.2708
     2300.000  450.9771  2239.0104
     2320.000  447.5608  2258.7164
     2340.000  443.9579  2278.3891
     2360.000  440.1819  2298.0294
     2380.000  436.2460  2317.6382
     2400.000  432.1637  2337.2171
     2420.000  427.9481  2356.7678
     2440.000  423.6125  2376.2921
     2460.000  419.1701  2395.7925
     2480.000  414.6339  2415.2713
     2500.000  410.0171  2434.7311
     2520.000  405.3326  2454.1747
     2540.000  400.5936  2473.6052
     2560.000  395.8129  2493.0254
     2580.000  391.0035  2512.4385
     2600.000  386.1785  2531.8478
     2620.000  381.3496  2551.2561
     2640.000  376.5207  2570.6643
     2660.000  371.6918  2590.0726
     2680.000  366.8629  2609.4809
     2700.000  362.0340  2628.8892
     2720.000  357.2051  2648.2975
     2740.000  352.3762  2667.7058
     2760.000  347.5473  2687.1141
     2780.000  342.7184  2706.5224
     2800.000  337.8895  2725.9307
     2820.000  333.0606  2745.3390
     2840.000  328.2317  2764.7472
     2860.000  323.4028  2784.1555
     2880.000  318.5739  2803.5638
     2900.000  313.7450  2822.9721
     2920.000  308.9161  2842.3804
     2940.000  304.0872  2861.7887
     2960.000  299.2583  2881.1970
     2980.000  294.4294  2900.6053
     3000.000  289.6005  2920.0136
     3020.000  284.7716  2939.4219
     3040.000  279.9427  2958.8301
     3060.000  275.1138  2978.2384
     3080.000  270.2849  2997.6467
     3100.000  265.4560  3017.0550
     3120.000  260.6271  3036.4633
     3140.000  255.7982  3055.8716
     3160.000  250.9693  3075.2799
     3180.000  246.1404  3094.6882
     3200.000  241.3115  3114.0965
     3220.000  236.4826  3133.5048
     3240.000  231.6537  3152.9130
     3260.000  226.8248  3172.3213
     3280.000  221.9959  3191.7296
     3300.000  217.1670  3211.1379
     3320.000  212.3381  3230.5462
     3340.000  207.5092  3249.9545
     3360.000  202.6803  3269.3628
     3380.000  197.8514  3288.7711
     3400.000  193.0225  3308.1794
     3420.000  188.1936  3327.5877
     3440.000  183.3647  3346.9959
     3460.000  178.5358  3366.4042
     3480.000  173.7069  3385.8125
     3500.000  168.8780  3405.2208
     3520.000  164.0491  3424.6291
     3540.000  159.2202  3444.0374
     3560.000  154.3913  3463.4457
     3580.000  149.5624  3482.8540
     3600.000  144.7335  3502.2623
     3620.000  139.9046  3521.6706
     3640.000  135.0757  3541.0788
     3660.000  130.2468  3560.4871
     3680.000  125.4179  3579.8954
     3700.000  120.5890  3599.3037
     3720.000  115.7601  3618.7120
     3740.000  110.9312  3638.1203
     3760.000  106.1023  3657.5286
     3780.000  101.2734  3676.9369
     3800.000  96.4445  3696.3452
     3820.000  91.6156  3715.7535
     3840.000  86.7867  3735.1618
     3860.000  81.9578  3754.5700
     3880.000  77.1289  3773.9783
     3900.000  72.3000  3793.3866
     3920.000  67.4711  3812.7949
     3940.000  62.6422  3832.2032
     3960.000  57.8133  3851.6115
     3980.000  52.9844  3871.0198
     4000.000  48.1555  3890.4281
     4020.000  43.3266  3909.8364
     4040.000  38.4977  3929.2447
     4060.000  33.6688  3948.6529
     4080.000  28.8399  3968.0612
     4100.000  24.0110  3987.4695
     4120.000  19.1821  4006.8778
     4140.000  14.3532  4026.2861
     4160.000  9.5243  4045.6944
     4180.000  4.6954  4065.1027
     4200.000  -0.1335  4084.5110
     4220.000  -4.9624  4103.9193
     4240.000  -9.7913  4123.3276
     4260.000  -14.6202  4142.7358
     4280.000  -19.4491  4162.1441
