       20.000  5.1851  19.3162
       40.000  10.3702  38.6324
       60.000  15.5553  57.9485
       80.000  20.7403  77.2647
      100.000  25.9254  96.5809
      120.000  31.1105  115.8971
      140.000  36.2956  135.2133
      160.000  41.4807  154.5295
      180.000  46.6658  173.8456
      200.000  51.8509  193.1618
      220.000  57.0360  212.4780
      240.000  62.2210  231.7942
      260.000  67.4061  251.1104
      280.000  72.5912  270.4265
      300.000  77.7763  289.7427
      320.000  82.9614  309.0589
      340.000  88.1465  328.3751
      360.000  93.3316  347.6913
      380.000  98.5166  367.0075
      400.000  103.7017  386.3236
      420.000  108.8868  405.6398
      440.000  114.0719  424.9560
      460.000  119.2570  444.2722
      480.000  124.4421  463.5884
      500.000  129.6272  482.9045
      520.000  134.8123  502.2207
      540.000  139.9973  521.5369
      560.000  145.1824  540.8531
      580.000  150.3675  560.1693
      600.000  155.5526  579.4855
      620.000  160.7377  598.8016
      640.000  165.9228  618.1178
      660.000  171.1079  637.4340
      680.000  176.2929  656.7502
      700.000  181.4780  676.0664
      720.000  186.6631  695.3825
      740.000  191.8482  714.6987
      760.000  197.0333  734.0149
      780.000  202.2184  753.3311
      800.000  207.4035  772.6473
      820.000  212.5886  791.9635
      840.000  217.7736  811.2796
      860.000  222.9587  830.5958
      880.000  228.1438  849.9120
      900.000  233.3289  869.2282
      920.000  238.5140  888.5444
      940.000  243.6991  907.8605
      960.000  248.8842  927.1767
      980.000  254.0692  946.4929
     1000.000  259.2543  965.8091
     1020.000  264.4394  985.1253
     1040.000  269.6245  1004.4415
     1060.000  274.8096  1023.7576
     1080.000  279.9947  1043.0738
     1100.000  285.1798  1062.3900
     1120.000  290.3649  1081.7062
     1140.000  295.5499  1101.0224
     1160.000  300.7350  1120.3385
     1180.000  305.9201  1139.6547
     1200.000  311.1052  1158.9709
     1220.000  316.2903  1178.2871
     1240.000  321.4754  1197.6033
     1260.000  326.6605  1216.9194
     1280.000  331.8455  1236.2356
     1300.000  337.0306  1255.5518
     1320.000  342.2157  1274.8680
     1340.000  347.4008  1294.1842
     1360.000  352.5859  1313.5004
     1380.000  357.7710  1332.8165
     1400.000  362.9561  1352.1327
     1420.000  368.1412  1371.4489
     1440.000  373.3262  1390.7651
     1460.000  378.5113  1410.0813
     1480.000  383.6964  1429.3974
     1500.000  388.8815  1448.7136
     1520.000  394.0666  1468.0298
     1540.000  399.2517  1487.3460
     1560.000  404.4368  1506.6622
     1580.000  409.6218  1525.9784
     1600.000  414.8069  1545.2945
     1620.000  419.9920  1564.6107
     1640.000  425.1771  1583.9269
     1660.000  430.3615  1603.2433
     1680.000  435.5296  1622.5640
     1700.000  440.6511  1641.8971
     1720.000  445.6950  1661.2506
     1740.000  450.6302  1680.6321
     1760.000  455.4254  1700.0487
     1780.000  460.0494  1719.5068
     1800.000  464.4705  1739.0119
     1820.000  468.6570  1758.5687
     1840.000  472.5769  1778.1806
     1860.000  476.1980  1797.8498
     1880.000  479.4879  1817.5771
     1900.000  482.4141  1837.3616
     1920.000  484.9492  1857.1999
     1940.000  487.0870  1877.0850
     1960.000  488.8267  1897.0089
     1980.000  490.1677  1916.9635
     2000.000  491.1093  1936.9410
     2020.000  491.6511  1956.9334
     2040.000  491.7931  1976.9325
     2060.000  491.5351  1996.9305
     2080.000  490.8771  2016.9194
     2100.000  489.8196  2036.8910
     2120.000  488.3629  2056.8376
     2140.000  486.5075  2076.7510
     2160.000  484.2544  2096.6234
     2180.000  481.6133  2116.4479
     2200.000  478.6144  2136.2215
     2220.000  475.2901  2155.9431
     2240.000  471.6727  2175.6131
     2260.000  467.7946  2195.2334
     2280.000  463.6876  2214.8070
     2300.000  459.3836  2234.3384
     2320.000  454.9141  2253.8325
     2340.000  450.3108  2273.2955
     2360.000  445.6048  2292.7340
     2380.000  440.8274  2312.1550
     2400.000  436.0097  2331.5660
     2420.000  431.1809  2350.9744
     2440.000  426.3520  2370.3827
     2460.000  421.5231  2389.7909
     2480.000  416.6942  2409.1992
     2500.000  411.8653  2428.6075
     2520.000  407.0364  2448.0158
     2540.000  402.2075  2467.4241
     2560.000  397.3786  2486.8324
     2580.000  392.5497  2506.2407
     2600.000  387.7208  2525.6490
     2620.000  382.8919  2545.0573
     2640.000  378.0630  2564.4656
     2660.000  373.2341  2583.8738
     2680.000  368.4052  2603.2821
     2700.000  363.5763  2622.6904
     2720.000  358.7474  2642.0987
     2740.000  353.9185  2661.5070
     2760.000  349.0896  2680.9153
     2780.000  344.2607  2700.3236
     2800.000  339.4318  2719.7319
     2820.000  334.6029  2739.1402
     2840.000  329.7740  2758.5485
     2860.000  324.9451  2777.9567
     2880.000  320.1162  2797.3650
     2900.000  315.2873  2816.7733
     2920.000  310.4584  2836.1816
     2940.000  305.6295  2855.5899
     2960.000  300.8006  2874.9982
     2980.000  295.9717  2894.4065
     3000.000  291.1428  2913.8148
     3020.000  286.3139  2933.2231
     3040.000  281.4850  2952.6314
     3060.000  276.6561  2972.0396
     3080.000  271.8272  2991.4479
     3100.000  266.9983  3010.8562
     3120.000  262.1694  3030.2645
     3140.000  257.3405  3049.6728
     3160.000  252.5116  3069.0811
     3180.000  247.6827  3088.4894
     3200.000  242.8538  3107.8977
     3220.000  238.0249  3127.3060
     3240.000  233.1960  3146.7143
     3260.000  228.3671  3166.1225
     3280.000  223.5382  3185.5308
     3300.000  218.7093  3204.9391
     3320.000  213.8804  3224.3474
     3340.000  209.0515  3243.7557
     3360.000  204.2226  3263.1640
     3380.000  199.3937  3282.5723
     3400.000  194.5648  3301.9806
     3420.000  189.7359  3321.3889
     3440.000  184.9070  3340.7972
     3460.000  180.0781  3360.2054
     3480.000  175.2492  3379.6137
     3500.000  170.4203  3399.0220
     3520.000  165.5914  3418.4303
     3540.000  160.7625  3437.8386
     3560.000  155.9336  3457.2469
     3580.000  151.1047  3476.6552
     3600.000  146.2758  3496.0635
     3620.000  141.4469  3515.4718
     3640.000  136.6180  3534.8801
     3660.000  131.7891  3554.2883
     3680.000  126.9602  3573.6966
     3700.000  122.1313  3593.1049
     3720.000  117.3024  3612.5132
     3740.000  112.4735  3631.9215
     3760.000  107.6446  3651.3298
     3780.000  102.8157  3670.7381
     3800.000  97.9868  3690.1464
     3820.000  93.1579  3709.5547
     3840.000  88.3290  3728.9630
     3860.000  83.5001  3748.3712
     3880.000  78.6712  3767.7795
     3900.000  73.8423  3787.1878
     3920.000  69.0134  3806.5961
     3940.000  64.1845  3826.0044
     3960.000  59.3556  3845.4127
     3980.000  54.5267  3864.8210
     4000.000  49.6978  3884.2293
     4020.000  44.8689  3903.6376
     4040.000  40.0400  3923.0459
     4060.000  35.2111  3942.4541
     4080.000  30.3822  3961.8624
     4100.000  25.5533  3981.2707
     4120.000  20.7244  4000.6790
     4140.000  15.8955  4020.0873
     4160.000  11.0666  4039.4956
     4180.000  6.2377  4058.9039
     4200.000  1.4088  4078.3122
     4220.000  -3.4201  4097.7205
     4240.000  -8.2490  4117.1288
     4260.000  -13.0779  4136.5370
     4280.000  -17.9068  4155.9453
