       20.000  -5.1851  19.3162
       40.000  -10.3702  38.6324
       60.000  -15.5553  57.9485
       80.000  -20.7403  77.2647
      100.000  -25.9254  96.5809
      120.000  -31.1105  115.8971
      140.000  -36.2956  135.2133
      160.000  -41.4807  154.5295
      180.000  -46.6658  173.8456
      200.000  -51.8509  193.1618
      220.000  -57.0360  212.4780
      240.000  -62.2210  231.7942
      260.000  -67.4061  251.1104
      280.000  -72.5912  270.4265
      300.000  -77.7763  289.7427
      320.000  -82.9614  309.0589
      340.000  -88.1465  328.3751
      360.000  -93.3316  347.6913
      380.000  -98.5166  367.0075
      400.000  -103.7017  386.3236
      420.000  -108.8868  405.6398
      440.000  -114.0719  424.9560
      460.000  -119.2570  444.2722
      480.000  -124.4421  463.5884
      500.000  -129.6272  482.9045
      520.000  -134.8123  502.2207
      540.000  -139.9973  521.5369
      560.000  -145.1824  540.8531
      580.000  -150.3675  560.1693
      600.000  -155.5526  579.4855
      620.000  -160.7377  598.8016
      640.000  -165.9228  618.1178
      660.000  -171.1079  637.4340
      680.000  -176.2929  656.7502
      700.000  -181.4780  676.0664
      720.000  -186.6631  695.3825
      740.000  -191.8482  714.6987
      760.000  -197.0333  734.0149
      780.000  -202.2184  753.3311
      800.000  -207.4035  772.6473
      820.000  -212.5886  791.9635
      840.000  -217.7736  811.2796
      860.000  -222.9587  830.5958
      880.000  -228.1438  849.9120
      900.000  -233.3289  869.2282
      920.000  -238.5140  888.5444
      940.000  -243.6991  907.8605
      960.000  -248.8842  927.1767
      980.000  -254.0692  946.4929
     1000.000  -259.2543  965.8091
     1020.000  -264.4394  985.1253
     1040.000  -269.6245  1004.4415
     1060.000  -274.8096  1023.7576
     1080.000  -279.9947  1043.0738
     1100.000  -285.1798  1062.3900
     1120.000  -290.3649  1081.7062
     1140.000  -295.5499  1101.0224
     1160.000  -300.7350  1120.3385
     1180.000  -305.9201  1139.6547
     1200.000  -311.1052  1158.9709
     1220.000  -316.2903  1178.2871
     1240.000  -321.4754  1197.6033
     1260.000  -326.6605  1216.9194
     1280.000  -331.8455  1236.2356
     1300.000  -337.0306  1255.5518
     1320.000  -342.2157  1274.8680
     1340.000  -347.4008  1294.1842
     1360.000  -352.5859  1313.5004
     1380.000  -357.7710  1332.8165
     1400.000  -362.9561  1352.1327
     1420.000  -368.1412  1371.4489
     1440.000  -373.3262  1390.7651
     1460.000  -378.5113  1410.0813
     1480.000  -383.6964  1429.3974
     1500.000  -388.8815  1448.7136
     1520.000  -394.0666  1468.0298
     1540.000  -399.2517  1487.3460
     1560.000  -404.4368  1506.6622
     1580.000  -409.6218  1525.9784
     1600.000  -414.8069  1545.2945
     1620.000  -419.9920  1564.6107
     1640.000  -425.1771  1583.9269
     1660.000  -430.3622  1603.2431
     1680.000  -435.5434  1622.5603
     1700.000  -440.6966  1641.8850
     1720.000  -445.7907  1661.2254
     1740.000  -450.7948  1680.5892
     1760.000  -455.6777  1699.9839
     1780.000  -460.4082  1719.4164
     1800.000  -464.9548  1738.8927
     1820.000  -469.2858  1758.4180
     1840.000  -473.3694  1777.9965
     1860.000  -477.1735  1797.6312
     1880.000  -480.6660  1817.3236
     1900.000  -483.8142  1837.0740
     1920.000  -486.5859  1856.8807
     1940.000  -488.9620  1876.7387
     1960.000  -490.9406  1896.6403
     1980.000  -492.5207  1916.5774
     2000.000  -493.7019  1936.5422
     2020.000  -494.4835  1956.5266
     2040.000  -494.8653  1976.5226
     2060.000  -494.8471  1996.5222
     2080.000  -494.4289  2016.5175
     2100.000  -493.6110  2036.5005
     2120.000  -492.3936  2056.4631
     2140.000  -490.7772  2076.3973
     2160.000  -488.7645  2096.2954
     2180.000  -486.3775  2116.1522
     2200.000  -483.6486  2135.9649
     2220.000  -480.6102  2155.7326
     2240.000  -477.2947  2175.4557
     2260.000  -473.7341  2195.1361
     2280.000  -469.9605  2214.7768
     2300.000  -466.0056  2234.3818
     2320.000  -461.9011  2253.9561
     2340.000  -457.6785  2273.5052
     2360.000  -453.3692  2293.0354
     2380.000  -449.0046  2312.5534
     2400.000  -444.6157  2332.0659
     2420.000  -440.2245  2351.5778
     2440.000  -435.8332  2371.0898
     2460.000  -431.4420  2390.6018
     2480.000  -427.0507  2410.1138
     2500.000  -422.6595  2429.6257
     2520.000  -418.2682  2449.1377
     2540.000  -413.8770  2468.6497
     2560.000  -409.4857  2488.1616
     2580.000  -405.0945  2507.6736
     2600.000  -400.7033  2527.1856
     2620.000  -396.3120  2546.6975
     2640.000  -391.9208  2566.2095
     2660.000  -387.5295  2585.7215
     2680.000  -383.1383  2605.2334
     2700.000  -378.7470  2624.7454
     2720.000  -374.3558  2644.2574
     2740.000  -369.9645  2663.7694
     2760.000  -365.5733  2683.2813
     2780.000  -361.1820  2702.7933
     2800.000  -356.7908  2722.3053
     2820.000  -352.3995  2741.8172
     2840.000  -348.0083  2761.3292
     2860.000  -343.6170  2780.8412
     2880.000  -339.2258  2800.3531
     2900.000  -334.8345  2819.8651
     2920.000  -330.4433  2839.3771
     2940.000  -326.0520  2858.8890
     2960.000  -321.6608  2878.4010
     2980.000  -317.2695  2897.9130
     3000.000  -312.8783  2917.4250
     3020.000  -308.4870  2936.9369
     3040.000  -304.0958  2956.4489
     3060.000  -299.7045  2975.9609
     3080.000  -295.3133  2995.4728
     3100.000  -290.9220  3014.9848
     3120.000  -286.5308  3034.4968
     3140.000  -282.1396  3054.0087
     3160.000  -277.7483  3073.5207
     3180.000  -273.3571  3093.0327
     3200.000  -268.9658  3112.5446
     3220.000  -264.5746  3132.0566
     3240.000  -260.1833  3151.5686
     3260.000  -255.7921  3171.0806
     3280.000  -251.4008  3190.5925
     3300.000  -247.0096  3210.1045
     3320.000  -242.6183  3229.6165
     3340.000  -238.2271  3249.1284
     3360.000  -233.8358  3268.6404
     3380.000  -229.4446  3288.1524
     3400.000  -225.0533  3307.6643
     3420.000  -220.6621  3327.1763
     3440.000  -216.2708  3346.6883
     3460.000  -211.8796  3366.2002
     3480.000  -207.4883  3385.7122
     3500.000  -203.0971  3405.2242
     3520.000  -198.7058  3424.7362
     3540.000  -194.3146  3444.2481
     3560.000  -189.9233  3463.7601
     3580.000  -185.5321  3483.2721
     3600.000  -181.1408  3502.7840
     3620.000  -176.7496  3522.2960
     3640.000  -172.3583  3541.8080
     3660.000  -167.9671  3561.3199
     3680.000  -163.5759  3580.8319
     3700.000  -159.1846  3600.3439
     3720.000  -154.7934  3619.8558
     3740.000  -150.4021  3639.3678
     3760.000  -146.0109  3658.8798
     3780.000  -141.6196  3678.3918
     3800.000  -137.2284  3697.9037
     3820.000  -132.8371  3717.4157
     3840.000  -128.4459  3736.9277
     3860.000  -124.0546  3756.4396
     3880.000  -119.6634  3775.9516
     3900.000  -115.2721  3795.4636
     3920.000  -110.8809  3814.9755
     3940.000  -106.4896  3834.4875
     3960.000  -102.0984  3853.9995
     3980.000  -97.7071  3873.5114
     4000.000  -93.3159  3893.0234
     4020.000  -88.9246  3912.5354
     4040.000  -84.5334  3932.0473
     4060.000  -80.1421  3951.5593
     4080.000  -75.7509  3971.0713
     4100.000  -71.3596  3990.5833
     4120.000  -66.9684  4010.0952
     4140.000  -62.5771  4029.6072
     4160.000  -58.1859  4049.1192
     4180.000  -53.7946  4068.6311
     4200.000  -49.4034  4088.1431
     4220.000  -45.0121  4107.6551
     4240.000  -40.6209  4127.1670
     4260.000  -36.2297  4146.6790
     4280.000  -31.8384  4166.1910
