       20.000  -5.1851  19.3162
       40.000  -10.3702  38.6324
       60.000  -15.5553  57.9485
       80.000  -20.7403  77.2647
      100.000  -25.9254  96.5809
      120.000  -31.1105  115.8971
      140.000  -36.2956  135.2133
      160.000  -41.4807  154.5295
      180.000  -46.6658  173.8456
      200.000  -51.8509  193.1618
      220.000  -57.0360  212.4780
      240.000  -62.2210  231.7942
      260.000  -67.4061  251.1104
      280.000  -72.5912  270.4265
      300.000  -77.7763  289.7427
      320.000  -82.9614  309.0589
      340.000  -88.1465  328.3751
      360.000  -93.3316  347.6913
      380.000  -98.5166  367.0075
      400.000  -103.7017  386.3236
      420.000  -108.8868  405.6398
      440.000  -114.0719  424.9560
      460.000  -119.2570  444.2722
      480.000  -124.4421  463.5884
      500.000  -129.6272  482.9045
      520.000  -134.8123  502.2207
      540.000  -139.9973  521.5369
      560.000  -145.1824  540.8531
      580.000  -150.3675  560.1693
      600.000  -155.5526  579.4855
      620.000  -160.7377  598.8016
      640.000  -165.9228  618.1178
      660.000  -171.1079  637.4340
      680.000  -176.2929  656.7502
      700.000  -181.4780  676.0664
      720.000  -186.6631  695.3825
      740.000  -191.8482  714.6987
      760.000  -197.0333  734.0149
      780.000  -202.2184  753.3311
      800.000  -207.4035  772.6473
      820.000  -212.5886  791.9635
      840.000  -217.7736  811.2796
      860.000  -222.9587  830.5958
      880.000  -228.1438  849.9120
      900.000  -233.3289  869.2282
      920.000  -238.5140  888.5444
      940.000  -243.6991  907.8605
      960.000  -248.8842  927.1767
      980.000  -254.0692  946.4929
     1000.000  -259.2543  965.8091
     1020.000  -264.4394  985.1253
     1040.000  -269.6245  1004.4415
     1060.000  -274.8096  1023.7576
     1080.000  -279.9947  1043.0738
     1100.000  -285.1798  1062.3900
     1120.000  -290.3649  1081.7062
     1140.000  -295.5499  1101.0224
     1160.000  -300.7350  1120.3385
     1180.000  -305.9201  1139.6547
     1200.000  -311.1052  1158.9709
     1220.000  -316.2903  1178.2871
     1240.000  -321.4754  1197.6033
     1260.000  -326.6605  1216.9194
     1280.000  -331.8455  1236.2356
     1300.000  -337.0306  1255.5518
     1320.000  -342.2157  1274.8680
     1340.000  -347.4008  1294.1842
     1360.000  -352.5859  1313.5004
     1380.000  -357.7710  1332.8165
     1400.000  -362.9561  1352.1327
     1420.000  -368.1412  1371.4489
     1440.000  -373.3262  1390.7651
     1460.000  -378.5113  1410.0813
     1480.000  -383.6964  1429.3974
     1500.000  -388.8815  1448.7136
     1520.000  -394.0666  1468.0298
     1540.000  -399.2517  1487.3460
     1560.000  -404.4368  1506.6622
     1580.000  -409.6218  1525.9784
     1600.000  -414.8069  1545.2945
     1620.000  -419.9920  1564.6107
     1640.000  -425.1771  1583.9269
     1660.000  -430.3622  1603.2431
     1680.000  -435.5473  1622.5593
     1700.000  -440.7324  1641.8754
     1720.000  -445.9174  1661.1916
     1740.000  -451.1025  1680.5078
     1760.000  -456.2873  1699.8241
     1780.000  -461.4523  1719.1456
     1800.000  -466.5504  1738.4849
     1820.000  -471.5317  1757.8546
     1840.000  -476.3464  1777.2664
     1860.000  -480.9442  1796.7306
     1880.000  -485.2744  1816.2560
     1900.000  -489.2861  1835.8492
     1920.000  -492.9277  1855.5146
     1940.000  -496.1474  1875.2533
     1960.000  -498.8929  1895.0634
     1980.000  -501.1117  1914.9393
     2000.000  -502.7514  1934.8712
     2020.000  -503.7795  1954.8440
     2040.000  -504.1926  1974.8389
     2060.000  -503.9905  1994.8371
     2080.000  -503.1753  2014.8197
     2100.000  -501.7787  2034.7702
     2120.000  -499.8523  2054.6767
     2140.000  -497.4484  2074.5313
     2160.000  -494.6193  2094.3298
     2180.000  -491.4167  2114.0715
     2200.000  -487.8923  2133.7583
     2220.000  -484.0974  2153.3948
     2240.000  -480.0829  2172.9877
     2260.000  -475.8994  2192.5452
     2280.000  -471.5974  2212.0771
     2300.000  -467.2270  2231.5937
     2320.000  -462.8361  2251.1058
     2340.000  -458.4449  2270.6177
     2360.000  -454.0536  2290.1297
     2380.000  -449.6624  2309.6417
     2400.000  -445.2711  2329.1536
     2420.000  -440.8799  2348.6656
     2440.000  -436.4887  2368.1776
     2460.000  -432.0974  2387.6895
     2480.000  -427.7062  2407.2015
     2500.000  -423.3149  2426.7135
     2520.000  -418.9237  2446.2255
     2540.000  -414.5324  2465.7374
     2560.000  -410.1412  2485.2494
     2580.000  -405.7499  2504.7614
     2600.000  -401.3587  2524.2733
     2620.000  -396.9674  2543.7853
     2640.000  -392.5762  2563.2973
     2660.000  -388.1849  2582.8092
     2680.000  -383.7937  2602.3212
     2700.000  -379.4024  2621.8332
     2720.000  -375.0112  2641.3451
     2740.000  -370.6199  2660.8571
     2760.000  -366.2287  2680.3691
     2780.000  -361.8374  2699.8810
     2800.000  -357.4462  2719.3930
     2820.000  -353.0549  2738.9050
     2840.000  -348.6637  2758.4170
     2860.000  -344.2724  2777.9289
     2880.000  -339.8812  2797.4409
     2900.000  -335.4899  2816.9529
     2920.000  -331.0987  2836.4648
     2940.000  -326.7074  2855.9768
     2960.000  -322.3162  2875.4888
     2980.000  -317.9249  2895.0007
     3000.000  -313.5337  2914.5127
     3020.000  -309.1425  2934.0247
     3040.000  -304.7512  2953.5366
     3060.000  -300.3600  2973.0486
     3080.000  -295.9687  2992.5606
     3100.000  -291.5775  3012.0726
     3120.000  -287.1862  3031.5845
     3140.000  -282.7950  3051.0965
     3160.000  -278.4037  3070.6085
     3180.000  -274.0125  3090.1204
     3200.000  -269.6212  3109.6324
     3220.000  -265.2300  3129.1444
     3240.000  -260.8387  3148.6563
     3260.000  -256.4475  3168.1683
     3280.000  -252.0562  3187.6803
     3300.000  -247.6650  3207.1922
     3320.000  -243.2737  3226.7042
     3340.000  -238.8825  3246.2162
     3360.000  -234.4912  3265.7282
     3380.000  -230.1000  3285.2401
     3400.000  -225.7087  3304.7521
     3420.000  -221.3175  3324.2641
     3440.000  -216.9262  3343.7760
     3460.000  -212.5350  3363.2880
     3480.000  -208.1437  3382.8000
     3500.000  -203.7525  3402.3119
     3520.000  -199.3612  3421.8239
     3540.000  -194.9700  3441.3359
     3560.000  -190.5788  3460.8478
     3580.000  -186.1875  3480.3598
     3600.000  -181.7963  3499.8718
     3620.000  -177.4050  3519.3838
     3640.000  -173.0138  3538.8957
     3660.000  -168.6225  3558.4077
     3680.000  -164.2313  3577.9197
     3700.000  -159.8400  3597.4316
     3720.000  -155.4488  3616.9436
     3740.000  -151.0575  3636.4556
     3760.000  -146.6663  3655.9675
     3780.000  -142.2750  3675.4795
     3800.000  -137.8838  3694.9915
     3820.000  -133.4925  3714.5034
     3840.000  -129.1013  3734.0154
     3860.000  -124.7100  3753.5274
     3880.000  -120.3188  3773.0394
     3900.000  -115.9275  3792.5513
     3920.000  -111.5363  3812.0633
     3940.000  -107.1450  3831.5753
     3960.000  -102.7538  3851.0872
     3980.000  -98.3625  3870.5992
     4000.000  -93.9713  3890.1112
     4020.000  -89.5800  3909.6231
     4040.000  -85.1888  3929.1351
     4060.000  -80.7975  3948.6471
     4080.000  -76.4063  3968.1590
     4100.000  -72.0151  3987.6710
     4120.000  -67.6238  4007.1830
     4140.000  -63.2326  4026.6950
     4160.000  -58.8413  4046.2069
     4180.000  -54.4501  4065.7189
     4200.000  -50.0588  4085.2309
     4220.000  -45.6676  4104.7428
     4240.000  -41.2763  4124.2548
     4260.000  -36.8851  4143.7668
     4280.000  -32.4938  4163.2787
