       20.000  5.1851  19.3162
       40.000  10.3702  38.6324
       60.000  15.5553  57.9485
       80.000  20.7403  77.2647
      100.000  25.9254  96.5809
      120.000  31.1105  115.8971
      140.000  36.2956  135.2133
      160.000  41.4807  154.5295
      180.000  46.6658  173.8456
      200.000  51.8509  193.1618
      220.000  57.0360  212.4780
      240.000  62.2210  231.7942
      260.000  67.4061  251.1104
      280.000  72.5912  270.4265
      300.000  77.7763  289.7427
      320.000  82.9614  309.0589
      340.000  88.1465  328.3751
      360.000  93.3316  347.6913
      380.000  98.5166  367.0075
      400.000  103.7017  386.3236
      420.000  108.8868  405.6398
      440.000  114.0719  424.9560
      460.000  119.2570  444.2722
      480.000  124.4421  463.5884
      500.000  129.6272  482.9045
      520.000  134.8123  502.2207
      540.000  139.9973  521.5369
      560.000  145.1824  540.8531
      580.000  150.3675  560.1693
      600.000  155.5526  579.4855
      620.000  160.7377  598.8016
      640.000  165.9228  618.1178
      660.000  171.1079  637.4340
      680.000  176.2929  656.7502
      700.000  181.4780  676.0664
      720.000  186.6631  695.3825
      740.000  191.8482  714.6987
      760.000  197.0333  734.0149
      780.000  202.2184  753.3311
      800.000  207.4035  772.6473
      820.000  212.5886  791.9635
      840.000  217.7736  811.2796
      860.000  222.9587  830.5958
      880.000  228.1438  849.9120
      900.000  233.3289  869.2282
      920.000  238.5140  888.5444
      940.000  243.6991  907.8605
      960.000  248.8842  927.1767
      980.000  254.0692  946.4929
     1000.000  259.2543  965.8091
     1020.000  264.4394  985.1253
     1040.000  269.6245  1004.4415
     1060.000  274.8096  1023.7576
     1080.000  279.9947  1043.0738
     1100.000  285.1798  1062.3900
     1120.000  290.3649  1081.7062
     1140.000  295.5499  1101.0224
     1160.000  300.7350  1120.3385
     1180.000  305.9201  1139.6547
     1200.000  311.1052  1158.9709
     1220.000  316.2903  1178.2871
     1240.000  321.4754  1197.6033
     1260.000  326.6605  1216.9194
     1280.000  331.8455  1236.2356
     1300.000  337.0306  1255.5518
     1320.000  342.2157  1274.8680
     1340.000  347.4008  1294.1842
     1360.000  352.5859  1313.5004
     1380.000  357.7710  1332.8165
     1400.000  362.9561  1352.1327
     1420.000  368.1412  1371.4489
     1440.000  373.3262  1390.7651
     1460.000  378.5113  1410.0813
     1480.000  383.6964  1429.3974
     1500.000  388.8815  1448.7136
     1520.000  394.0666  1468.0298
     1540.000  399.2517  1487.3460
     1560.000  404.4368  1506.6622
     1580.000  409.6218  1525.9784
     1600.000  414.8069  1545.2945
     1620.000  419.9920  1564.6107
     1640.000  425.1771  1583.9269
     1660.000  430.3622  1603.2431
     1680.000  435.5473  1622.5593
     1700.000  440.7324  1641.8754
     1720.000  445.9174  1661.1916
     1740.000  451.1025  1680.5078
     1760.000  456.2842  1699.8249
     1780.000  461.4290  1719.1518
     1800.000  466.4874  1738.5016
     1820.000  471.4095  1757.8864
     1840.000  476.1454  1777.3175
     1860.000  480.6446  1796.8047
     1880.000  484.8564  1816.3559
     1900.000  488.7296  1835.9770
     1920.000  492.2124  1855.6711
     1940.000  495.2530  1875.4381
     1960.000  497.7988  1895.2748
     1980.000  499.7973  1915.1740
     2000.000  501.1993  1935.1240
     2020.000  501.9870  1955.1077
     2040.000  502.1596  1975.1062
     2060.000  501.7169  1995.1005
     2080.000  500.6595  2015.0718
     2100.000  499.0062  2035.0026
     2120.000  496.8064  2054.8807
     2140.000  494.1127  2074.6980
     2160.000  490.9773  2094.4503
     2180.000  487.4523  2114.1369
     2200.000  483.5893  2133.7601
     2220.000  479.4396  2153.3247
     2240.000  475.0541  2172.8379
     2260.000  470.4834  2192.3086
     2280.000  465.7778  2211.7471
     2300.000  460.9871  2231.1648
     2320.000  456.1612  2250.5738
     2340.000  451.3323  2269.9821
     2360.000  446.5034  2289.3904
     2380.000  441.6745  2308.7987
     2400.000  436.8456  2328.2070
     2420.000  432.0167  2347.6153
     2440.000  427.1878  2367.0236
     2460.000  422.3589  2386.4319
     2480.000  417.5300  2405.8402
     2500.000  412.7011  2425.2485
     2520.000  407.8722  2444.6567
     2540.000  403.0433  2464.0650
     2560.000  398.2144  2483.4733
     2580.000  393.3855  2502.8816
     2600.000  388.5566  2522.2899
     2620.000  383.7277  2541.6982
     2640.000  378.8988  2561.1065
     2660.000  374.0699  2580.5148
     2680.000  369.2410  2599.9231
     2700.000  364.4121  2619.3314
     2720.000  359.5832  2638.7396
     2740.000  354.7543  2658.1479
     2760.000  349.9254  2677.5562
     2780.000  345.0965  2696.9645
     2800.000  340.2676  2716.3728
     2820.000  335.4387  2735.7811
     2840.000  330.6098  2755.1894
     2860.000  325.7809  2774.5977
     2880.000  320.9520  2794.0060
     2900.000  316.1231  2813.4143
     2920.000  311.2942  2832.8225
     2940.000  306.4653  2852.2308
     2960.000  301.6364  2871.6391
     2980.000  296.8075  2891.0474
     3000.000  291.9786  2910.4557
     3020.000  287.1497  2929.8640
     3040.000  282.3208  2949.2723
     3060.000  277.4919  2968.6806
     3080.000  272.6630  2988.0889
     3100.000  267.8341  3007.4972
     3120.000  263.0052  3026.9054
     3140.000  258.1763  3046.3137
     3160.000  253.3473  3065.7220
     3180.000  248.5184  3085.1303
     3200.000  243.6895  3104.5386
     3220.000  238.8606  3123.9469
     3240.000  234.0317  3143.3552
     3260.000  229.2028  3162.7635
     3280.000  224.3739  3182.1718
     3300.000  219.5450  3201.5801
     3320.000  214.7161  3220.9883
     3340.000  209.8872  3240.3966
     3360.000  205.0583  3259.8049
     3380.000  200.2294  3279.2132
     3400.000  195.4005  3298.6215
     3420.000  190.5716  3318.0298
     3440.000  185.7427  3337.4381
     3460.000  180.9138  3356.8464
     3480.000  176.0849  3376.2547
     3500.000  171.2560  3395.6630
     3520.000  166.4271  3415.0712
     3540.000  161.5982  3434.4795
     3560.000  156.7693  3453.8878
     3580.000  151.9404  3473.2961
     3600.000  147.1115  3492.7044
     3620.000  142.2826  3512.1127
     3640.000  137.4537  3531.5210
     3660.000  132.6248  3550.9293
     3680.000  127.7959  3570.3376
     3700.000  122.9670  3589.7459
     3720.000  118.1381  3609.1541
     3740.000  113.3092  3628.5624
     3760.000  108.4803  3647.9707
     3780.000  103.6514  3667.3790
     3800.000  98.8225  3686.7873
     3820.000  93.9936  3706.1956
     3840.000  89.1647  3725.6039
     3860.000  84.3358  3745.0122
     3880.000  79.5069  3764.4205
     3900.000  74.6780  3783.8288
     3920.000  69.8491  3803.2370
     3940.000  65.0202  3822.6453
     3960.000  60.1913  3842.0536
     3980.000  55.3624  3861.4619
     4000.000  50.5335  3880.8702
     4020.000  45.7046  3900.2785
     4040.000  40.8757  3919.6868
     4060.000  36.0468  3939.0951
     4080.000  31.2179  3958.5034
     4100.000  26.3890  3977.9117
     4120.000  21.5601  3997.3199
     4140.000  16.7312  4016.7282
     4160.000  11.9023  4036.1365
     4180.000  7.0734  4055.5448
     4200.000  2.2445  4074.9531
     4220.000  -2.5844  4094.3614
     4240.000  -7.4133  4113.7697
     4260.000  -12.2422  4133.1780
     4280.000  -17.0711  4152.5863
