-1.0 -0.225 -0.15 -0.075 0 -0.075 -0.15 -0.225 
109.191 -0.225 -0.15 -0.075 0 -0.075 -0.15 -0.225 
223.477 0.2 0.2 0.1 0 -0.075 -0.15 -0.225 
252.048 0.3 0.3 0.1 0 -0.1 -0.2 -0.3 
309.191 0.5625 0.375 0.1875 0 -0.1875 -0.375 -0.5625 
1525.563 0.5625 0.375 0.1875 0 -0.1875 -0.375 -0.5625 
1582.706 0.3 0.2 0.1 0 -0.1 -0.2 -0.3 
1611.277 0.2 0.1 0.1 0 -0.075 -0.15 -0.225 
1725.563 -0.225 -0.15 -0.075 0 -0.075 -0.15 -0.225 
1951.465 -0.225 -0.15 -0.075 0 -0.075 -0.15 -0.225 
2063.965 -0.225 -0.15 -0.075 0 0.1 0.2 0.2 
2092.09 -0.3 -0.2 -0.1 0 0.1 0.3 0.3 
2148.34 -0.5 -0.4 -0.2 0 0.2 0.4 0.5 
2176.465 -0.675 -0.45 -0.225 0 0.225 0.45 0.675 
3045.113 -0.675 -0.45 -0.225 0 0.225 0.45 0.675 
3073.238 -0.6 -0.4 -0.2 0 0.2 0.4 0.6 
3129.488 -0.3 -0.2 -0.1 0 0.1 0.2 0.4 
3157.613 -0.225 -0.15 -0.075 0 0.1 0.1 0.3 
3270.113 -0.225 -0.15 -0.075 0 -0.075 -0.15 -0.225 
5803.024 -0.225 -0.15 -0.075 0 -0.075 -0.15 -0.225 
5916.358 0.2 0.2 0.1 0 -0.075 -0.15 -0.225 
5944.691 0.3 0.2 0.1 0 -0.1 -0.2 -0.3 
5973.024 0.45 0.3 0.15 0 -0.15 -0.3 -0.45 
7902.626 0.45 0.3 0.15 0 -0.15 -0.3 -0.45 
7930.959 0.3 0.2 0.1 0 -0.1 -0.2 -0.3 
7959.292 0.2 0.1 0.1 0 -0.075 -0.15 -0.225 
8072.626 -0.225 -0.15 -0.075 0 -0.075 -0.15 -0.225 
8463.969 -0.225 -0.15 -0.075 0 -0.075 -0.15 -0.225 
