0020 -0.225 -0.15 -0.075 0 -0.075 -0.15 -0.225 
0040 -0.225 -0.15 -0.075 0 -0.075 -0.15 -0.225 
0060 -0.225 -0.15 -0.075 0 -0.075 -0.15 -0.225 
0120 -0.2183 -0.1456 -0.0728 0 -0.075 -0.15 -0.225 
0140 -0.1747 -0.1165 -0.0582 0 -0.075 -0.15 -0.225 
0160 -0.0984 -0.0656 -0.0328 0 -0.075 -0.15 -0.225 
0180 0.0012 0.0008 0.0004 0 -0.075 -0.15 -0.225 
0200 0.1146 0.0764 0.0382 0 -0.075 -0.15 -0.225 
0220 0.2323 0.1549 0.0774 0 -0.075 -0.15 -0.225 
0240 0.345 0.23 0.115 0 -0.0859 -0.1719 -0.2578 
0260 0.443 0.2953 0.1477 0 -0.1189 -0.2377 -0.3566 
0280 0.5171 0.3447 0.1724 0 -0.1572 -0.3145 -0.4717 
0300 0.5577 0.3718 0.1859 0 -0.1839 -0.3678 -0.5517 
0320 0.5625 0.375 0.1875 0 -0.1875 -0.375 -0.5625 
0340 0.5625 0.375 0.1875 0 -0.1875 -0.375 -0.5625 
0360 0.5625 0.375 0.1875 0 -0.1875 -0.375 -0.5625 
1540 0.5508 0.3672 0.1836 0 -0.179 -0.358 -0.537 
1560 0.5005 0.3337 0.1668 0 -0.1476 -0.2952 -0.4428 
1580 0.4192 0.2795 0.1397 0 -0.109 -0.218 -0.327 
1600 0.3164 0.211 0.1055 0 -0.0803 -0.1607 -0.241 
1620 0.2016 0.1344 0.0672 0 -0.075 -0.15 -0.225 
1640 0.0841 0.056 0.028 0 -0.075 -0.15 -0.225 
1660 -0.0266 -0.0177 -0.0089 0 -0.075 -0.15 -0.225 
1680 -0.121 -0.0807 -0.0403 0 -0.075 -0.15 -0.225 
1700 -0.1897 -0.1265 -0.0632 0 -0.075 -0.15 -0.225 
1720 -0.2232 -0.1488 -0.0744 0 -0.075 -0.15 -0.225 
1740 -0.225 -0.15 -0.075 0 -0.075 -0.15 -0.225 
1760 -0.225 -0.15 -0.075 0 -0.075 -0.15 -0.225 
1780 -0.225 -0.15 -0.075 0 -0.075 -0.15 -0.225 
1960 -0.225 -0.15 -0.075 0 -0.0737 -0.1475 -0.2212 
1980 -0.225 -0.15 -0.075 0 -0.0617 -0.1235 -0.1852 
2000 -0.225 -0.15 -0.075 0 -0.0391 -0.0783 -0.1174 
2020 -0.225 -0.15 -0.075 0 -0.0085 -0.0169 -0.0254 
2040 -0.225 -0.15 -0.075 0 0.0278 0.0556 0.0834 
2060 -0.225 -0.15 -0.075 0 0.0671 0.1341 0.2012 
2080 -0.2498 -0.1665 -0.0833 0 0.1069 0.2137 0.3206 
2100 -0.3339 -0.2226 -0.1113 0 0.1446 0.2892 0.4338 
2120 -0.4487 -0.2991 -0.1496 0 0.1778 0.3556 0.5334 
2140 -0.5638 -0.3759 -0.1879 0 0.2039 0.4078 0.6117 
2160 -0.6489 -0.4326 -0.2163 0 0.2204 0.4408 0.6612 
2180 -0.675 -0.45 -0.225 0 0.225 0.45 0.675 
2200 -0.675 -0.45 -0.225 0 0.225 0.45 0.675 
2220 -0.675 -0.45 -0.225 0 0.225 0.45 0.675 
3060 -0.6534 -0.4356 -0.2178 0 0.2212 0.4425 0.6637 
3080 -0.572 -0.3813 -0.1907 0 0.2056 0.4112 0.6168 
3100 -0.4582 -0.3055 -0.1527 0 0.1802 0.3603 0.5405 
3120 -0.3423 -0.2282 -0.1141 0 0.1474 0.2948 0.4423 
3140 -0.2546 -0.1698 -0.0849 0 0.1099 0.2199 0.3298 
3160 -0.225 -0.15 -0.075 0 0.0702 0.1405 0.2107 
3180 -0.225 -0.15 -0.075 0 0.0308 0.0616 0.0925 
3200 -0.225 -0.15 -0.075 0 -0.0058 -0.0115 -0.0173 
3220 -0.225 -0.15 -0.075 0 -0.037 -0.074 -0.111 
3240 -0.225 -0.15 -0.075 0 -0.0603 -0.1206 -0.181 
3260 -0.225 -0.15 -0.075 0 -0.0732 -0.1465 -0.2197 
3280 -0.225 -0.15 -0.075 0 -0.075 -0.15 -0.225 
3300 -0.225 -0.15 -0.075 0 -0.075 -0.15 -0.225 
3320 -0.225 -0.15 -0.075 0 -0.075 -0.15 -0.225 
5820 -0.2062 -0.1374 -0.0687 0 -0.075 -0.15 -0.225 
5840 -0.1431 -0.0954 -0.0477 0 -0.075 -0.15 -0.225 
5860 -0.0484 -0.0322 -0.0161 0 -0.075 -0.15 -0.225 
5880 0.0649 0.0432 0.0216 0 -0.075 -0.15 -0.225 
5900 0.1834 0.1222 0.0611 0 -0.075 -0.15 -0.225 
5920 0.294 0.196 0.098 0 -0.0759 -0.1518 -0.2277 
5940 0.3835 0.2557 0.1278 0 -0.1033 -0.2065 -0.3098 
5960 0.4387 0.2925 0.1462 0 -0.1399 -0.2799 -0.4198 
5980 0.45 0.3 0.15 0 -0.15 -0.3 -0.45 
6000 0.45 0.3 0.15 0 -0.15 -0.3 -0.45 
6020 0.45 0.3 0.15 0 -0.15 -0.3 -0.45 
7920 0.4303 0.2869 0.1434 0 -0.1332 -0.2663 -0.3995 
7940 0.3665 0.2443 0.1222 0 -0.0952 -0.1903 -0.2855 
7960 0.2712 0.1808 0.0904 0 -0.075 -0.15 -0.225 
7980 0.1578 0.1052 0.0526 0 -0.075 -0.15 -0.225 
8000 0.0393 0.0262 0.0131 0 -0.075 -0.15 -0.225 
8020 -0.071 -0.0473 -0.0237 0 -0.075 -0.15 -0.225 
8040 -0.16 -0.1066 -0.0533 0 -0.075 -0.15 -0.225 
8060 -0.2144 -0.1429 -0.0715 0 -0.075 -0.15 -0.225 
8080 -0.225 -0.15 -0.075 0 -0.075 -0.15 -0.225 
8100 -0.225 -0.15 -0.075 0 -0.075 -0.15 -0.225 
8120 -0.225 -0.15 -0.075 0 -0.075 -0.15 -0.225 
