-1.0 -11.25 -7.5 -3.75 0 3.75 7.5 11.25
109.191 -11.25 -7.5 -3.75 0 3.75 7.5 11.25
257.762 -11.25 -7.5 -3.75 0 3.75 7.5 11.25
294.905 -11.25 -7.5 -3.75 0 3.75 7.5 11.25
369.191 -11.25 -7.5 -3.75 0 3.75 7.5 11.25
1465.563 -11.25 -7.5 -3.75 0 3.75 7.5 11.25
1539.849 -11.25 -7.5 -3.75 0 3.75 7.5 11.25
1576.992 -11.25 -7.5 -3.75 0 3.75 7.5 11.25
1725.563 -11.25 -7.5 -3.75 0 3.75 7.5 11.25
1951.465 -11.25 -7.5 -3.75 0 3.75 7.5 11.25
2101.465 -11.25 -7.5 -3.75 0 3.75 7.5 11.25
2138.965 -11.25 -7.5 -3.75 0 3.75 7.5 11.25
2213.965 -11.25 -7.5 -3.75 0 3.75 7.5 11.25
2251.465 -11.25 -7.5 -3.75 0 3.75 7.5 11.25
2970.113 -11.25 -7.5 -3.75 0 3.75 7.5 11.25
3007.613 -11.25 -7.5 -3.75 0 3.75 7.5 11.25
3082.613 -11.25 -7.5 -3.75 0 3.75 7.5 11.25
3120.113 -11.25 -7.5 -3.75 0 3.75 7.5 11.25
3270.113 -11.25 -7.5 -3.75 0 3.75 7.5 11.25
5803.024 -11.25 -7.5 -3.75 0 3.75 7.5 11.25
5953.024 -11.25 -7.5 -3.75 0 3.75 7.5 11.25
5990.524 -11.25 -7.5 -3.75 0 3.75 7.5 11.25
6028.024 -11.25 -7.5 -3.75 0 3.75 7.5 11.25
7847.626 -11.25 -7.5 -3.75 0 3.75 7.5 11.25
7885.126 -11.25 -7.5 -3.75 0 3.75 7.5 11.25
7922.626 -11.25 -7.5 -3.75 0 3.75 7.5 11.25
8072.626 -11.25 -7.5 -3.75 0 3.75 7.5 11.25
8463.969 -11.25 -7.5 -3.75 0 3.75 7.5 11.25
