0020 -11.25 -7.5 -3.75 0 3.75 7.5 11.25
0040 -11.25 -7.5 -3.75 0 3.75 7.5 11.25
0060 -11.25 -7.5 -3.75 0 3.75 7.5 11.25
0660 -11.25 -7.5 -3.75 0 3.75 7.5 11.25
0680 -11.25 -7.5 -3.75 0 3.75 7.5 11.25
0700 -11.25 -7.5 -3.75 0 3.75 7.5 11.25
0720 -11.25 -7.5 -3.75 0 3.75 7.5 11.25
0740 -11.25 -7.5 -3.75 0 3.75 7.5 11.25
0760 -11.25 -7.5 -3.75 0 3.75 7.5 11.25
0780 -11.25 -7.5 -3.75 0 3.75 7.5 11.25
0800 -11.25 -7.5 -3.75 0 3.75 7.5 11.25
0820 -11.25 -7.5 -3.75 0 3.75 7.5 11.25
0840 -11.25 -7.5 -3.75 0 3.75 7.5 11.25
0860 -11.25 -7.5 -3.75 0 3.75 7.5 11.25
0880 -11.25 -7.5 -3.75 0 3.75 7.5 11.25
0900 -11.25 -7.5 -3.75 0 3.75 7.5 11.25
0920 -11.25 -7.5 -3.75 0 3.75 7.5 11.25
0940 -11.25 -7.5 -3.75 0 3.75 7.5 11.25
0960 -11.25 -7.5 -3.75 0 3.75 7.5 11.25
0980 -11.25 -7.5 -3.75 0 3.75 7.5 11.25
1000 -11.25 -7.5 -3.75 0 3.75 7.5 11.25
1020 -11.25 -7.5 -3.75 0 3.75 7.5 11.25
1040 -11.25 -7.5 -3.75 0 3.75 7.5 11.25
1060 -11.25 -7.5 -3.75 0 3.75 7.5 11.25
1080 -11.25 -7.5 -3.75 0 3.75 7.5 11.25
1100 -11.25 -7.5 -3.75 0 3.75 7.5 11.25
1120 -11.25 -7.5 -3.75 0 3.75 7.5 11.25
1140 -11.25 -7.5 -3.75 0 3.75 7.5 11.25
1160 -11.25 -7.5 -3.75 0 3.75 7.5 11.25
1180 -11.25 -7.5 -3.75 0 3.75 7.5 11.25
1200 -11.25 -7.5 -3.75 0 3.75 7.5 11.25
1220 -11.25 -7.5 -3.75 0 3.75 7.5 11.25
1240 -11.25 -7.5 -3.75 0 3.75 7.5 11.25
2320 -11.25 -7.5 -3.75 0 3.75 7.5 11.25
2340 -11.25 -7.5 -3.75 0 3.75 7.5 11.25
2360 -11.25 -7.5 -3.75 0 3.75 7.5 11.25
2380 -11.25 -7.5 -3.75 0 3.75 7.5 11.25
2400 -11.25 -7.5 -3.75 0 3.75 7.5 11.25
2420 -11.25 -7.5 -3.75 0 3.75 7.5 11.25
2440 -11.25 -7.5 -3.75 0 3.75 7.5 11.25
2460 -11.25 -7.5 -3.75 0 3.75 7.5 11.25
2480 -11.25 -7.5 -3.75 0 3.75 7.5 11.25
2500 -11.25 -7.5 -3.75 0 3.75 7.5 11.25
2520 -11.25 -7.5 -3.75 0 3.75 7.5 11.25
2540 -11.25 -7.5 -3.75 0 3.75 7.5 11.25
2560 -11.25 -7.5 -3.75 0 3.75 7.5 11.25
2580 -11.25 -7.5 -3.75 0 3.75 7.5 11.25
2600 -11.25 -7.5 -3.75 0 3.75 7.5 11.25
2620 -11.25 -7.5 -3.75 0 3.75 7.5 11.25
2640 -11.25 -7.5 -3.75 0 3.75 7.5 11.25
2660 -11.25 -7.5 -3.75 0 3.75 7.5 11.25
2680 -11.25 -7.5 -3.75 0 3.75 7.5 11.25
2700 -11.25 -7.5 -3.75 0 3.75 7.5 11.25
2720 -11.25 -7.5 -3.75 0 3.75 7.5 11.25
2740 -11.25 -7.5 -3.75 0 3.75 7.5 11.25
2760 -11.25 -7.5 -3.75 0 3.75 7.5 11.25
2780 -11.25 -7.5 -3.75 0 3.75 7.5 11.25
2800 -11.25 -7.5 -3.75 0 3.75 7.5 11.25
2820 -11.25 -7.5 -3.75 0 3.75 7.5 11.25
2840 -11.25 -7.5 -3.75 0 3.75 7.5 11.25
2860 -11.25 -7.5 -3.75 0 3.75 7.5 11.25
2880 -11.25 -7.5 -3.75 0 3.75 7.5 11.25
2900 -11.25 -7.5 -3.75 0 3.75 7.5 11.25
2920 -11.25 -7.5 -3.75 0 3.75 7.5 11.25
2940 -11.25 -7.5 -3.75 0 3.75 7.5 11.25
2960 -11.25 -7.5 -3.75 0 3.75 7.5 11.25
6580 -11.25 -7.5 -3.75 0 3.75 7.5 11.25
6600 -11.25 -7.5 -3.75 0 3.75 7.5 11.25
6620 -11.25 -7.5 -3.75 0 3.75 7.5 11.25
6640 -11.25 -7.5 -3.75 0 3.75 7.5 11.25
6660 -11.25 -7.5 -3.75 0 3.75 7.5 11.25
6680 -11.25 -7.5 -3.75 0 3.75 7.5 11.25
6700 -11.25 -7.5 -3.75 0 3.75 7.5 11.25
6720 -11.25 -7.5 -3.75 0 3.75 7.5 11.25
6740 -11.25 -7.5 -3.75 0 3.75 7.5 11.25
6760 -11.25 -7.5 -3.75 0 3.75 7.5 11.25
6780 -11.25 -7.5 -3.75 0 3.75 7.5 11.25
6800 -11.25 -7.5 -3.75 0 3.75 7.5 11.25
6820 -11.25 -7.5 -3.75 0 3.75 7.5 11.25
6840 -11.25 -7.5 -3.75 0 3.75 7.5 11.25
6860 -11.25 -7.5 -3.75 0 3.75 7.5 11.25
7080 -11.25 -7.5 -3.75 0 3.75 7.5 11.25
7100 -11.25 -7.5 -3.75 0 3.75 7.5 11.25
7120 -11.25 -7.5 -3.75 0 3.75 7.5 11.25
7140 -11.25 -7.5 -3.75 0 3.75 7.5 11.25
7160 -11.25 -7.5 -3.75 0 3.75 7.5 11.25
7180 -11.25 -7.5 -3.75 0 3.75 7.5 11.25
7200 -11.25 -7.5 -3.75 0 3.75 7.5 11.25
7220 -11.25 -7.5 -3.75 0 3.75 7.5 11.25
7240 -11.25 -7.5 -3.75 0 3.75 7.5 11.25
7260 -11.25 -7.5 -3.75 0 3.75 7.5 11.25
7280 -11.25 -7.5 -3.75 0 3.75 7.5 11.25
7300 -11.25 -7.5 -3.75 0 3.75 7.5 11.25
7320 -11.25 -7.5 -3.75 0 3.75 7.5 11.25
7340 -11.25 -7.5 -3.75 0 3.75 7.5 11.25
