-1.0 -0.225 -0.15 -0.075 0 -0.075 -0.15 -0.225 
709.191 -0.225 -0.15 -0.075 0 -0.075 -0.15 -0.225 
823.477 0.2 0.2 0.1 0 -0.075 -0.15 -0.225 
852.048 0.3 0.3 0.1 0 -0.1 -0.2 -0.3 
909.191 0.5625 0.375 0.1875 0 -0.1875 -0.375 -0.5625 
925.563 0.5625 0.375 0.1875 0 -0.1875 -0.375 -0.5625 
982.706 0.3 0.2 0.1 0 -0.1 -0.2 -0.3 
1011.277 0.2 0.1 0.1 0 -0.075 -0.15 -0.225 
1125.563 -0.225 -0.15 -0.075 0 -0.075 -0.15 -0.225 
2376.465 -0.225 -0.15 -0.075 0 -0.075 -0.15 -0.225 
2488.965 -0.225 -0.15 -0.075 0 0.1 0.1 0.2 
2517.09 -0.3 -0.2 -0.1 0 0.1 0.2 0.3 
2573.34 -0.5 -0.4 -0.2 0 0.2 0.4 0.5 
2601.465 -0.675 -0.45 -0.225 0 0.225 0.45 0.675 
2620.113 -0.675 -0.45 -0.225 0 0.225 0.45 0.675 
2648.238 -0.6 -0.4 -0.2 0 0.2 0.4 0.6 
2704.488 -0.3 -0.2 -0.1 0 0.1 0.2 0.4 
2732.613 -0.225 -0.15 -0.075 0 0.1 0.1 0.3 
2845.113 -0.225 -0.15 -0.075 0 -0.075 -0.15 -0.225 
6633.024 -0.225 -0.15 -0.075 0 -0.075 -0.15 -0.225 
6746.358 0.2 0.2 0.1 0 -0.075 -0.15 -0.225 
6774.691 0.3 0.2 0.1 0 -0.1 -0.2 -0.3 
6803.024 0.45 0.3 0.15 0 -0.15 -0.3 -0.45 
7072.626 0.45 0.3 0.15 0 -0.15 -0.3 -0.45 
7100.959 0.3 0.2 0.1 0 -0.1 -0.2 -0.3 
7129.292 0.2 0.1 0.1 0 -0.075 -0.15 -0.225 
7242.626 -0.225 -0.15 -0.075 0 -0.075 -0.15 -0.225 
8463.969 -0.225 -0.15 -0.075 0 -0.075 -0.15 -0.225 
