0020 -0.225 -0.15 -0.075 0 -0.075 -0.15 -0.225 
0040 -0.225 -0.15 -0.075 0 -0.075 -0.15 -0.225 
0060 -0.225 -0.15 -0.075 0 -0.075 -0.15 -0.225 
0720 -0.2183 -0.1456 -0.0728 0 -0.075 -0.15 -0.225 
0740 -0.1747 -0.1165 -0.0582 0 -0.075 -0.15 -0.225 
0760 -0.0984 -0.0656 -0.0328 0 -0.075 -0.15 -0.225 
0780 0.0012 0.0008 0.0004 0 -0.075 -0.15 -0.225 
0800 0.1146 0.0764 0.0382 0 -0.075 -0.15 -0.225 
0820 0.2323 0.1549 0.0774 0 -0.075 -0.15 -0.225 
0840 0.345 0.23 0.115 0 -0.0859 -0.1719 -0.2578 
0860 0.443 0.2953 0.1477 0 -0.1189 -0.2377 -0.3566 
0880 0.5171 0.3447 0.1724 0 -0.1572 -0.3145 -0.4717 
0900 0.5577 0.3718 0.1859 0 -0.1839 -0.3678 -0.5517 
0920 0.5625 0.375 0.1875 0 -0.1875 -0.375 -0.5625 
0940 0.5508 0.3672 0.1836 0 -0.179 -0.358 -0.537 
0960 0.5005 0.3337 0.1668 0 -0.1476 -0.2952 -0.4428 
0980 0.4192 0.2795 0.1397 0 -0.109 -0.218 -0.327 
1000 0.3164 0.211 0.1055 0 -0.0803 -0.1607 -0.241 
1020 0.2016 0.1344 0.0672 0 -0.075 -0.15 -0.225 
1040 0.0841 0.056 0.028 0 -0.075 -0.15 -0.225 
1060 -0.0266 -0.0177 -0.0089 0 -0.075 -0.15 -0.225 
1080 -0.121 -0.0807 -0.0403 0 -0.075 -0.15 -0.225 
1100 -0.1897 -0.1265 -0.0632 0 -0.075 -0.15 -0.225 
1120 -0.2232 -0.1488 -0.0744 0 -0.075 -0.15 -0.225 
1140 -0.225 -0.15 -0.075 0 -0.075 -0.15 -0.225 
1160 -0.225 -0.15 -0.075 0 -0.075 -0.15 -0.225 
1180 -0.225 -0.15 -0.075 0 -0.075 -0.15 -0.225 
2380 -0.225 -0.15 -0.075 0 -0.0748 -0.1496 -0.2243 
2400 -0.225 -0.15 -0.075 0 -0.0658 -0.1317 -0.1975 
2420 -0.225 -0.15 -0.075 0 -0.0457 -0.0913 -0.137 
2440 -0.225 -0.15 -0.075 0 -0.0167 -0.0335 -0.0502 
2460 -0.225 -0.15 -0.075 0 0.0184 0.0367 0.0551 
2480 -0.225 -0.15 -0.075 0 0.0571 0.1142 0.1713 
2500 -0.2371 -0.1581 -0.079 0 0.097 0.194 0.291 
2520 -0.3088 -0.2059 -0.1029 0 0.1355 0.271 0.4065 
2540 -0.4188 -0.2792 -0.1396 0 0.1701 0.3401 0.5102 
2560 -0.5367 -0.3578 -0.1789 0 0.1982 0.3964 0.5946 
2580 -0.6321 -0.4214 -0.2107 0 0.2173 0.4347 0.652 
2600 -0.6748 -0.4498 -0.2249 0 0.225 0.4499 0.6749 
2620 -0.675 -0.45 -0.225 0 0.225 0.45 0.675 
2640 -0.6378 -0.4252 -0.2126 0 0.2184 0.4368 0.6551 
2660 -0.5454 -0.3636 -0.1818 0 0.2001 0.4001 0.6002 
2680 -0.4282 -0.2855 -0.1427 0 0.1726 0.3451 0.5177 
2700 -0.3165 -0.211 -0.1055 0 0.1384 0.2768 0.4152 
2720 -0.2407 -0.1605 -0.0802 0 0.1001 0.2002 0.3004 
2740 -0.225 -0.15 -0.075 0 0.0602 0.1205 0.1807 
2760 -0.225 -0.15 -0.075 0 0.0213 0.0426 0.0639 
2780 -0.225 -0.15 -0.075 0 -0.0142 -0.0283 -0.0425 
2800 -0.225 -0.15 -0.075 0 -0.0437 -0.0873 -0.131 
2820 -0.225 -0.15 -0.075 0 -0.0646 -0.1292 -0.1939 
2840 -0.225 -0.15 -0.075 0 -0.0745 -0.1491 -0.2236 
2860 -0.225 -0.15 -0.075 0 -0.075 -0.15 -0.225 
2880 -0.225 -0.15 -0.075 0 -0.075 -0.15 -0.225 
2900 -0.225 -0.15 -0.075 0 -0.075 -0.15 -0.225 
6640 -0.2217 -0.1478 -0.0739 0 -0.075 -0.15 -0.225 
6660 -0.1794 -0.1196 -0.0598 0 -0.075 -0.15 -0.225 
6680 -0.0989 -0.0659 -0.033 0 -0.075 -0.15 -0.225 
6700 0.0068 0.0045 0.0023 0 -0.075 -0.15 -0.225 
6720 0.1243 0.0828 0.0414 0 -0.075 -0.15 -0.225 
6740 0.2405 0.1603 0.0802 0 -0.075 -0.15 -0.225 
6760 0.3422 0.2281 0.1141 0 -0.0859 -0.1719 -0.2578 
6780 0.4162 0.2775 0.1387 0 -0.1229 -0.2458 -0.3688 
6800 0.4494 0.2996 0.1498 0 -0.1494 -0.2988 -0.4481 
6820 0.45 0.3 0.15 0 -0.15 -0.3 -0.45 
6840 0.45 0.3 0.15 0 -0.15 -0.3 -0.45 
6860 0.45 0.3 0.15 0 -0.15 -0.3 -0.45 
7080 0.4463 0.2975 0.1488 0 -0.1465 -0.293 -0.4396 
7100 0.4031 0.2688 0.1344 0 -0.1144 -0.2288 -0.3432 
7120 0.322 0.2146 0.1073 0 -0.0804 -0.1608 -0.2412 
7140 0.216 0.144 0.072 0 -0.075 -0.15 -0.225 
7160 0.0984 0.0656 0.0328 0 -0.075 -0.15 -0.225 
7180 -0.0177 -0.0118 -0.0059 0 -0.075 -0.15 -0.225 
7200 -0.119 -0.0793 -0.0397 0 -0.075 -0.15 -0.225 
7220 -0.1923 -0.1282 -0.0641 0 -0.075 -0.15 -0.225 
7240 -0.2245 -0.1497 -0.0748 0 -0.075 -0.15 -0.225 
7260 -0.225 -0.15 -0.075 0 -0.075 -0.15 -0.225 
7280 -0.225 -0.15 -0.075 0 -0.075 -0.15 -0.225 
7300 -0.225 -0.15 -0.075 0 -0.075 -0.15 -0.225 
