-1.0 -0.225 -0.15 -0.075 0 -0.075 -0.15 -0.225 
109.191 -0.225 -0.15 -0.075 0 -0.075 -0.15 -0.225 
257.762 0.2 0.1 0.1 0 -0.075 -0.15 -0.225 
294.905 0.3 0.2 0.1 0 -0.1 -0.2 -0.3 
369.191 0.5625 0.375 0.1875 0 -0.1875 -0.375 -0.5625 
1465.563 0.5625 0.375 0.1875 0 -0.1875 -0.375 -0.5625 
1539.849 0.3 0.2 0.1 0 -0.1 -0.2 -0.3 
1576.992 0.2 0.1 0.1 0 -0.075 -0.15 -0.225 
1725.563 -0.225 -0.15 -0.075 0 -0.075 -0.15 -0.225 
1951.465 -0.225 -0.15 -0.075 0 -0.075 -0.15 -0.225 
2101.465 -0.225 -0.15 -0.075 0 0.1 0.2 0.2 
2138.965 -0.3 -0.2 -0.1 0 0.1 0.3 0.3 
2213.965 -0.5 -0.4 -0.2 0 0.2 0.4 0.5 
2251.465 -0.675 -0.45 -0.225 0 0.225 0.45 0.675 
2970.113 -0.675 -0.45 -0.225 0 0.225 0.45 0.675 
3007.613 -0.6 -0.4 -0.2 0 0.2 0.4 0.6 
3082.613 -0.3 -0.2 -0.1 0 0.1 0.2 0.4 
3120.113 -0.225 -0.15 -0.075 0 0.1 0.1 0.3 
3270.113 -0.225 -0.15 -0.075 0 -0.075 -0.15 -0.225 
5803.024 -0.225 -0.15 -0.075 0 -0.075 -0.15 -0.225 
5953.024 0.2 0.1 0.1 0 -0.075 -0.15 -0.225 
5990.524 0.3 0.2 0.1 0 -0.1 -0.2 -0.3 
6028.024 0.45 0.3 0.15 0 -0.15 -0.3 -0.45 
7847.626 0.45 0.3 0.15 0 -0.15 -0.3 -0.45 
7885.126 0.3 0.2 0.1 0 -0.1 -0.2 -0.3 
7922.626 0.2 0.1 0.1 0 -0.075 -0.15 -0.225 
8072.626 -0.225 -0.15 -0.075 0 -0.075 -0.15 -0.225 
8463.969 -0.225 -0.15 -0.075 0 -0.075 -0.15 -0.225 
