-1.0 -11.25 -7.5 -3.75 0 3.75 7.5 11.25
709.191 -11.25 -7.5 -3.75 0 3.75 7.5 11.25
823.477 -11.25 -7.5 -3.75 0 3.75 7.5 11.25
852.048 -11.25 -7.5 -3.75 0 3.75 7.5 11.25
909.191 -11.25 -7.5 -3.75 0 3.75 7.5 11.25
925.563 -11.25 -7.5 -3.75 0 3.75 7.5 11.25
982.706 -11.25 -7.5 -3.75 0 3.75 7.5 11.25
1011.277 -11.25 -7.5 -3.75 0 3.75 7.5 11.25
1125.563 -11.25 -7.5 -3.75 0 3.75 7.5 11.25
2376.465 -11.25 -7.5 -3.75 0 3.75 7.5 11.25
2488.965 -11.25 -7.5 -3.75 0 3.75 7.5 11.25
2517.09 -11.25 -7.5 -3.75 0 3.75 7.5 11.25
2573.34 -11.25 -7.5 -3.75 0 3.75 7.5 11.25
2601.465 -11.25 -7.5 -3.75 0 3.75 7.5 11.25
2620.113 -11.25 -7.5 -3.75 0 3.75 7.5 11.25
2648.238 -11.25 -7.5 -3.75 0 3.75 7.5 11.25
2704.488 -11.25 -7.5 -3.75 0 3.75 7.5 11.25
2732.613 -11.25 -7.5 -3.75 0 3.75 7.5 11.25
2845.113 -11.25 -7.5 -3.75 0 3.75 7.5 11.25
6633.024 -11.25 -7.5 -3.75 0 3.75 7.5 11.25
6746.358 -11.25 -7.5 -3.75 0 3.75 7.5 11.25
6774.691 -11.25 -7.5 -3.75 0 3.75 7.5 11.25
6803.024 -11.25 -7.5 -3.75 0 3.75 7.5 11.25
7072.626 -11.25 -7.5 -3.75 0 3.75 7.5 11.25
7100.959 -11.25 -7.5 -3.75 0 3.75 7.5 11.25
7129.292 -11.25 -7.5 -3.75 0 3.75 7.5 11.25
7242.626 -11.25 -7.5 -3.75 0 3.75 7.5 11.25
8463.969 -11.25 -7.5 -3.75 0 3.75 7.5 11.25
