0020 -11.25 -7.5 -3.75 0 3.75 7.5 11.25
0040 -11.25 -7.5 -3.75 0 3.75 7.5 11.25
0060 -11.25 -7.5 -3.75 0 3.75 7.5 11.25
0120 -11.25 -7.5 -3.75 0 3.75 7.5 11.25
0140 -11.25 -7.5 -3.75 0 3.75 7.5 11.25
0160 -11.25 -7.5 -3.75 0 3.75 7.5 11.25
0180 -11.25 -7.5 -3.75 0 3.75 7.5 11.25
0200 -11.25 -7.5 -3.75 0 3.75 7.5 11.25
0220 -11.25 -7.5 -3.75 0 3.75 7.5 11.25
0240 -11.25 -7.5 -3.75 0 3.75 7.5 11.25
0260 -11.25 -7.5 -3.75 0 3.75 7.5 11.25
0280 -11.25 -7.5 -3.75 0 3.75 7.5 11.25
0300 -11.25 -7.5 -3.75 0 3.75 7.5 11.25
0320 -11.25 -7.5 -3.75 0 3.75 7.5 11.25
0340 -11.25 -7.5 -3.75 0 3.75 7.5 11.25
0360 -11.25 -7.5 -3.75 0 3.75 7.5 11.25
0380 -11.25 -7.5 -3.75 0 3.75 7.5 11.25
0400 -11.25 -7.5 -3.75 0 3.75 7.5 11.25
0420 -11.25 -7.5 -3.75 0 3.75 7.5 11.25
1480 -11.25 -7.5 -3.75 0 3.75 7.5 11.25
1500 -11.25 -7.5 -3.75 0 3.75 7.5 11.25
1520 -11.25 -7.5 -3.75 0 3.75 7.5 11.25
1540 -11.25 -7.5 -3.75 0 3.75 7.5 11.25
1560 -11.25 -7.5 -3.75 0 3.75 7.5 11.25
1580 -11.25 -7.5 -3.75 0 3.75 7.5 11.25
1600 -11.25 -7.5 -3.75 0 3.75 7.5 11.25
1620 -11.25 -7.5 -3.75 0 3.75 7.5 11.25
1640 -11.25 -7.5 -3.75 0 3.75 7.5 11.25
1660 -11.25 -7.5 -3.75 0 3.75 7.5 11.25
1680 -11.25 -7.5 -3.75 0 3.75 7.5 11.25
1700 -11.25 -7.5 -3.75 0 3.75 7.5 11.25
1720 -11.25 -7.5 -3.75 0 3.75 7.5 11.25
1740 -11.25 -7.5 -3.75 0 3.75 7.5 11.25
1760 -11.25 -7.5 -3.75 0 3.75 7.5 11.25
1780 -11.25 -7.5 -3.75 0 3.75 7.5 11.25
1960 -11.25 -7.5 -3.75 0 3.75 7.5 11.25
1980 -11.25 -7.5 -3.75 0 3.75 7.5 11.25
2000 -11.25 -7.5 -3.75 0 3.75 7.5 11.25
2020 -11.25 -7.5 -3.75 0 3.75 7.5 11.25
2040 -11.25 -7.5 -3.75 0 3.75 7.5 11.25
2060 -11.25 -7.5 -3.75 0 3.75 7.5 11.25
2080 -11.25 -7.5 -3.75 0 3.75 7.5 11.25
2100 -11.25 -7.5 -3.75 0 3.75 7.5 11.25
2120 -11.25 -7.5 -3.75 0 3.75 7.5 11.25
2140 -11.25 -7.5 -3.75 0 3.75 7.5 11.25
2160 -11.25 -7.5 -3.75 0 3.75 7.5 11.25
2180 -11.25 -7.5 -3.75 0 3.75 7.5 11.25
2200 -11.25 -7.5 -3.75 0 3.75 7.5 11.25
2220 -11.25 -7.5 -3.75 0 3.75 7.5 11.25
2240 -11.25 -7.5 -3.75 0 3.75 7.5 11.25
2260 -11.25 -7.5 -3.75 0 3.75 7.5 11.25
2280 -11.25 -7.5 -3.75 0 3.75 7.5 11.25
2300 -11.25 -7.5 -3.75 0 3.75 7.5 11.25
2980 -11.25 -7.5 -3.75 0 3.75 7.5 11.25
3000 -11.25 -7.5 -3.75 0 3.75 7.5 11.25
3020 -11.25 -7.5 -3.75 0 3.75 7.5 11.25
3040 -11.25 -7.5 -3.75 0 3.75 7.5 11.25
3060 -11.25 -7.5 -3.75 0 3.75 7.5 11.25
3080 -11.25 -7.5 -3.75 0 3.75 7.5 11.25
3100 -11.25 -7.5 -3.75 0 3.75 7.5 11.25
3120 -11.25 -7.5 -3.75 0 3.75 7.5 11.25
3140 -11.25 -7.5 -3.75 0 3.75 7.5 11.25
3160 -11.25 -7.5 -3.75 0 3.75 7.5 11.25
3180 -11.25 -7.5 -3.75 0 3.75 7.5 11.25
3200 -11.25 -7.5 -3.75 0 3.75 7.5 11.25
3220 -11.25 -7.5 -3.75 0 3.75 7.5 11.25
3240 -11.25 -7.5 -3.75 0 3.75 7.5 11.25
3260 -11.25 -7.5 -3.75 0 3.75 7.5 11.25
3280 -11.25 -7.5 -3.75 0 3.75 7.5 11.25
3300 -11.25 -7.5 -3.75 0 3.75 7.5 11.25
3320 -11.25 -7.5 -3.75 0 3.75 7.5 11.25
5820 -11.25 -7.5 -3.75 0 3.75 7.5 11.25
5840 -11.25 -7.5 -3.75 0 3.75 7.5 11.25
5860 -11.25 -7.5 -3.75 0 3.75 7.5 11.25
5880 -11.25 -7.5 -3.75 0 3.75 7.5 11.25
5900 -11.25 -7.5 -3.75 0 3.75 7.5 11.25
5920 -11.25 -7.5 -3.75 0 3.75 7.5 11.25
5940 -11.25 -7.5 -3.75 0 3.75 7.5 11.25
5960 -11.25 -7.5 -3.75 0 3.75 7.5 11.25
5980 -11.25 -7.5 -3.75 0 3.75 7.5 11.25
6000 -11.25 -7.5 -3.75 0 3.75 7.5 11.25
6020 -11.25 -7.5 -3.75 0 3.75 7.5 11.25
6040 -11.25 -7.5 -3.75 0 3.75 7.5 11.25
6060 -11.25 -7.5 -3.75 0 3.75 7.5 11.25
6080 -11.25 -7.5 -3.75 0 3.75 7.5 11.25
7860 -11.25 -7.5 -3.75 0 3.75 7.5 11.25
7880 -11.25 -7.5 -3.75 0 3.75 7.5 11.25
7900 -11.25 -7.5 -3.75 0 3.75 7.5 11.25
7920 -11.25 -7.5 -3.75 0 3.75 7.5 11.25
7940 -11.25 -7.5 -3.75 0 3.75 7.5 11.25
7960 -11.25 -7.5 -3.75 0 3.75 7.5 11.25
7980 -11.25 -7.5 -3.75 0 3.75 7.5 11.25
8000 -11.25 -7.5 -3.75 0 3.75 7.5 11.25
8020 -11.25 -7.5 -3.75 0 3.75 7.5 11.25
8040 -11.25 -7.5 -3.75 0 3.75 7.5 11.25
8060 -11.25 -7.5 -3.75 0 3.75 7.5 11.25
8080 -11.25 -7.5 -3.75 0 3.75 7.5 11.25
8100 -11.25 -7.5 -3.75 0 3.75 7.5 11.25
8120 -11.25 -7.5 -3.75 0 3.75 7.5 11.25
