-1.0 -0.225 -0.15 -0.075 0 -0.075 -0.15 -0.225 
649.191 -0.225 -0.15 -0.075 0 -0.075 -0.15 -0.225 
797.762 0.2 0.1 0.1 0 -0.075 -0.15 -0.225 
834.905 0.3 0.2 0.1 0 -0.1 -0.2 -0.3 
909.191 0.5625 0.375 0.1875 0 -0.1875 -0.375 -0.5625 
925.563 0.5625 0.375 0.1875 0 -0.1875 -0.375 -0.5625 
999.849 0.3 0.2 0.1 0 -0.1 -0.2 -0.3 
1036.992 0.2 0.1 0.1 0 -0.075 -0.15 -0.225 
1185.563 -0.225 -0.15 -0.075 0 -0.075 -0.15 -0.225 
2301.465 -0.225 -0.15 -0.075 0 -0.075 -0.15 -0.225 
2451.465 -0.225 -0.15 -0.075 0 0.1 0.1 0.2 
2488.965 -0.3 -0.2 -0.1 0 0.1 0.2 0.3 
2563.965 -0.5 -0.4 -0.2 0 0.2 0.4 0.5 
2601.465 -0.675 -0.45 -0.225 0 0.225 0.45 0.675 
2620.113 -0.675 -0.45 -0.225 0 0.225 0.45 0.675 
2657.613 -0.6 -0.4 -0.2 0 0.2 0.4 0.6 
2732.613 -0.3 -0.2 -0.1 0 0.1 0.2 0.4 
2770.113 -0.225 -0.15 -0.075 0 0.1 0.1 0.3 
2920.113 -0.225 -0.15 -0.075 0 -0.075 -0.15 -0.225 
6578.024 -0.225 -0.15 -0.075 0 -0.075 -0.15 -0.225 
6728.024 0.2 0.1 0.1 0 -0.075 -0.15 -0.225 
6765.524 0.3 0.2 0.1 0 -0.1 -0.2 -0.3 
6803.024 0.45 0.3 0.15 0 -0.15 -0.3 -0.45 
7072.626 0.45 0.3 0.15 0 -0.15 -0.3 -0.45 
7110.126 0.3 0.2 0.1 0 -0.1 -0.2 -0.3 
7147.626 0.2 0.1 0.1 0 -0.075 -0.15 -0.225 
7297.626 -0.225 -0.15 -0.075 0 -0.075 -0.15 -0.225 
8463.969 -0.225 -0.15 -0.075 0 -0.075 -0.15 -0.225 
