0020 -0.225 -0.15 -0.075 0 -0.075 -0.15 -0.225 
0040 -0.225 -0.15 -0.075 0 -0.075 -0.15 -0.225 
0060 -0.225 -0.15 -0.075 0 -0.075 -0.15 -0.225 
0120 -0.221 -0.1474 -0.0737 0 -0.075 -0.15 -0.225 
0140 -0.1944 -0.1296 -0.0648 0 -0.075 -0.15 -0.225 
0160 -0.1465 -0.0977 -0.0488 0 -0.075 -0.15 -0.225 
0180 -0.0816 -0.0544 -0.0272 0 -0.075 -0.15 -0.225 
0200 -0.0039 -0.0026 -0.0013 0 -0.075 -0.15 -0.225 
0220 0.0822 0.0548 0.0274 0 -0.075 -0.15 -0.225 
0240 0.1724 0.115 0.0575 0 -0.075 -0.15 -0.225 
0260 0.2625 0.175 0.0875 0 -0.0751 -0.1503 -0.2254 
0280 0.3481 0.232 0.116 0 -0.0867 -0.1733 -0.26 
0300 0.4249 0.2832 0.1416 0 -0.1112 -0.2225 -0.3337 
0320 0.4886 0.3257 0.1629 0 -0.1411 -0.2822 -0.4233 
0340 0.5349 0.3566 0.1783 0 -0.1684 -0.3368 -0.5051 
0360 0.5596 0.3731 0.1865 0 -0.1853 -0.3707 -0.556 
0380 0.5625 0.375 0.1875 0 -0.1875 -0.375 -0.5625 
0400 0.5625 0.375 0.1875 0 -0.1875 -0.375 -0.5625 
0420 0.5625 0.375 0.1875 0 -0.1875 -0.375 -0.5625 
1480 0.5555 0.3703 0.1852 0 -0.1823 -0.3646 -0.547 
1500 0.5247 0.3498 0.1749 0 -0.1619 -0.3238 -0.4857 
1520 0.4734 0.3156 0.1578 0 -0.1332 -0.2664 -0.3996 
1540 0.4058 0.2705 0.1353 0 -0.104 -0.2079 -0.3119 
1560 0.3263 0.2175 0.1088 0 -0.0821 -0.1641 -0.2462 
1580 0.2391 0.1594 0.0797 0 -0.075 -0.15 -0.225 
1600 0.1486 0.0991 0.0495 0 -0.075 -0.15 -0.225 
1620 0.059 0.0394 0.0197 0 -0.075 -0.15 -0.225 
1640 -0.0253 -0.0169 -0.0084 0 -0.075 -0.15 -0.225 
1660 -0.1 -0.0667 -0.0333 0 -0.075 -0.15 -0.225 
1680 -0.1609 -0.1073 -0.0536 0 -0.075 -0.15 -0.225 
1700 -0.2037 -0.1358 -0.0679 0 -0.075 -0.15 -0.225 
1720 -0.2239 -0.1493 -0.0746 0 -0.075 -0.15 -0.225 
1740 -0.225 -0.15 -0.075 0 -0.075 -0.15 -0.225 
1760 -0.225 -0.15 -0.075 0 -0.075 -0.15 -0.225 
1780 -0.225 -0.15 -0.075 0 -0.075 -0.15 -0.225 
1960 -0.225 -0.15 -0.075 0 -0.0743 -0.1486 -0.2229 
1980 -0.225 -0.15 -0.075 0 -0.0674 -0.1347 -0.2021 
2000 -0.225 -0.15 -0.075 0 -0.054 -0.108 -0.162 
2020 -0.225 -0.15 -0.075 0 -0.0352 -0.0704 -0.1055 
2040 -0.225 -0.15 -0.075 0 -0.012 -0.0241 -0.0361 
2060 -0.225 -0.15 -0.075 0 0.0144 0.0288 0.0432 
2080 -0.225 -0.15 -0.075 0 0.043 0.086 0.1291 
2100 -0.225 -0.15 -0.075 0 0.0728 0.1456 0.2184 
2120 -0.2439 -0.1626 -0.0813 0 0.1027 0.2053 0.308 
2140 -0.2988 -0.1992 -0.0996 0 0.1315 0.2631 0.3946 
2160 -0.3771 -0.2514 -0.1257 0 0.1583 0.3167 0.475 
2180 -0.4659 -0.3106 -0.1553 0 0.182 0.3641 0.5461 
2200 -0.5524 -0.3683 -0.1841 0 0.2015 0.4031 0.6046 
2220 -0.6239 -0.4159 -0.208 0 0.2158 0.4316 0.6474 
2240 -0.6675 -0.445 -0.2225 0 0.2237 0.4474 0.6712 
2260 -0.675 -0.45 -0.225 0 0.225 0.45 0.675 
2280 -0.675 -0.45 -0.225 0 0.225 0.45 0.675 
2300 -0.675 -0.45 -0.225 0 0.225 0.45 0.675 
2980 -0.6694 -0.4463 -0.2231 0 0.224 0.4481 0.6721 
3000 -0.6285 -0.419 -0.2095 0 0.2167 0.4333 0.65 
3020 -0.5588 -0.3725 -0.1863 0 0.2029 0.4057 0.6086 
3040 -0.473 -0.3153 -0.1577 0 0.1837 0.3675 0.5512 
3060 -0.3839 -0.2559 -0.128 0 0.1603 0.3207 0.481 
3080 -0.3043 -0.2029 -0.1014 0 0.1337 0.2675 0.4012 
3100 -0.2471 -0.1647 -0.0824 0 0.105 0.21 0.315 
3120 -0.225 -0.15 -0.075 0 0.0752 0.1503 0.2255 
3140 -0.225 -0.15 -0.075 0 0.0453 0.0907 0.136 
3160 -0.225 -0.15 -0.075 0 0.0166 0.0332 0.0497 
3180 -0.225 -0.15 -0.075 0 -0.0101 -0.0201 -0.0302 
3200 -0.225 -0.15 -0.075 0 -0.0335 -0.067 -0.1005 
3220 -0.225 -0.15 -0.075 0 -0.0527 -0.1054 -0.1581 
3240 -0.225 -0.15 -0.075 0 -0.0665 -0.1331 -0.1996 
3260 -0.225 -0.15 -0.075 0 -0.074 -0.148 -0.222 
3280 -0.225 -0.15 -0.075 0 -0.075 -0.15 -0.225 
3300 -0.225 -0.15 -0.075 0 -0.075 -0.15 -0.225 
3320 -0.225 -0.15 -0.075 0 -0.075 -0.15 -0.225 
5820 -0.2141 -0.1427 -0.0714 0 -0.075 -0.15 -0.225 
5840 -0.1763 -0.1175 -0.0588 0 -0.075 -0.15 -0.225 
5860 -0.1171 -0.078 -0.039 0 -0.075 -0.15 -0.225 
5880 -0.042 -0.028 -0.014 0 -0.075 -0.15 -0.225 
5900 0.0431 0.0287 0.0144 0 -0.075 -0.15 -0.225 
5920 0.1326 0.0884 0.0442 0 -0.075 -0.15 -0.225 
5940 0.2209 0.1473 0.0736 0 -0.075 -0.15 -0.225 
5960 0.3022 0.2015 0.1007 0 -0.0768 -0.1537 -0.2305 
5980 0.3709 0.2472 0.1236 0 -0.0971 -0.1943 -0.2914 
6000 0.4212 0.2808 0.1404 0 -0.1264 -0.2528 -0.3792 
6020 0.4475 0.2983 0.1492 0 -0.1476 -0.2952 -0.4428 
6040 0.45 0.3 0.15 0 -0.15 -0.3 -0.45 
6060 0.45 0.3 0.15 0 -0.15 -0.3 -0.45 
6080 0.45 0.3 0.15 0 -0.15 -0.3 -0.45 
7860 0.4441 0.2961 0.148 0 -0.1445 -0.2891 -0.4336 
7880 0.4121 0.2747 0.1374 0 -0.1201 -0.2403 -0.3604 
7900 0.3573 0.2382 0.1191 0 -0.0914 -0.1827 -0.2741 
7920 0.2854 0.1903 0.0951 0 -0.0753 -0.1505 -0.2258 
7940 0.2021 0.1347 0.0674 0 -0.075 -0.15 -0.225 
7960 0.1131 0.0754 0.0377 0 -0.075 -0.15 -0.225 
7980 0.024 0.016 0.008 0 -0.075 -0.15 -0.225 
8000 -0.0594 -0.0396 -0.0198 0 -0.075 -0.15 -0.225 
8020 -0.1315 -0.0877 -0.0438 0 -0.075 -0.15 -0.225 
8040 -0.1865 -0.1244 -0.0622 0 -0.075 -0.15 -0.225 
8060 -0.2189 -0.1459 -0.073 0 -0.075 -0.15 -0.225 
8080 -0.225 -0.15 -0.075 0 -0.075 -0.15 -0.225 
8100 -0.225 -0.15 -0.075 0 -0.075 -0.15 -0.225 
8120 -0.225 -0.15 -0.075 0 -0.075 -0.15 -0.225 
