-1.0 -11.25 -7.5 -3.75 0 3.75 7.5 11.25
649.191 -11.25 -7.5 -3.75 0 3.75 7.5 11.25
797.762 -11.25 -7.5 -3.75 0 3.75 7.5 11.25
834.905 -11.25 -7.5 -3.75 0 3.75 7.5 11.25
909.191 -11.25 -7.5 -3.75 0 3.75 7.5 11.25
925.563 -11.25 -7.5 -3.75 0 3.75 7.5 11.25
999.849 -11.25 -7.5 -3.75 0 3.75 7.5 11.25
1036.992 -11.25 -7.5 -3.75 0 3.75 7.5 11.25
1185.563 -11.25 -7.5 -3.75 0 3.75 7.5 11.25
2301.465 -11.25 -7.5 -3.75 0 3.75 7.5 11.25
2451.465 -11.25 -7.5 -3.75 0 3.75 7.5 11.25
2488.965 -11.25 -7.5 -3.75 0 3.75 7.5 11.25
2563.965 -11.25 -7.5 -3.75 0 3.75 7.5 11.25
2601.465 -11.25 -7.5 -3.75 0 3.75 7.5 11.25
2620.113 -11.25 -7.5 -3.75 0 3.75 7.5 11.25
2657.613 -11.25 -7.5 -3.75 0 3.75 7.5 11.25
2732.613 -11.25 -7.5 -3.75 0 3.75 7.5 11.25
2770.113 -11.25 -7.5 -3.75 0 3.75 7.5 11.25
2920.113 -11.25 -7.5 -3.75 0 3.75 7.5 11.25
6578.024 -11.25 -7.5 -3.75 0 3.75 7.5 11.25
6728.024 -11.25 -7.5 -3.75 0 3.75 7.5 11.25
6765.524 -11.25 -7.5 -3.75 0 3.75 7.5 11.25
6803.024 -11.25 -7.5 -3.75 0 3.75 7.5 11.25
7072.626 -11.25 -7.5 -3.75 0 3.75 7.5 11.25
7110.126 -11.25 -7.5 -3.75 0 3.75 7.5 11.25
7147.626 -11.25 -7.5 -3.75 0 3.75 7.5 11.25
7297.626 -11.25 -7.5 -3.75 0 3.75 7.5 11.25
8463.969 -11.25 -7.5 -3.75 0 3.75 7.5 11.25
