-1.0 -11.25 -7.5 -3.75 0 3.75 7.5 11.25
109.191 -11.25 -7.5 -3.75 0 3.75 7.5 11.25
223.477 -11.25 -7.5 -3.75 0 3.75 7.5 11.25
252.048 -11.25 -7.5 -3.75 0 3.75 7.5 11.25
309.191 -11.25 -7.5 -3.75 0 3.75 7.5 11.25
1525.563 -11.25 -7.5 -3.75 0 3.75 7.5 11.25
1582.706 -11.25 -7.5 -3.75 0 3.75 7.5 11.25
1611.277 -11.25 -7.5 -3.75 0 3.75 7.5 11.25
1725.563 -11.25 -7.5 -3.75 0 3.75 7.5 11.25
1951.465 -11.25 -7.5 -3.75 0 3.75 7.5 11.25
2063.965 -11.25 -7.5 -3.75 0 3.75 7.5 11.25
2092.09 -11.25 -7.5 -3.75 0 3.75 7.5 11.25
2148.34 -11.25 -7.5 -3.75 0 3.75 7.5 11.25
2176.465 -11.25 -7.5 -3.75 0 3.75 7.5 11.25
3045.113 -11.25 -7.5 -3.75 0 3.75 7.5 11.25
3073.238 -11.25 -7.5 -3.75 0 3.75 7.5 11.25
3129.488 -11.25 -7.5 -3.75 0 3.75 7.5 11.25
3157.613 -11.25 -7.5 -3.75 0 3.75 7.5 11.25
3270.113 -11.25 -7.5 -3.75 0 3.75 7.5 11.25
5803.024 -11.25 -7.5 -3.75 0 3.75 7.5 11.25
5916.358 -11.25 -7.5 -3.75 0 3.75 7.5 11.25
5944.691 -11.25 -7.5 -3.75 0 3.75 7.5 11.25
5973.024 -11.25 -7.5 -3.75 0 3.75 7.5 11.25
7902.626 -11.25 -7.5 -3.75 0 3.75 7.5 11.25
7930.959 -11.25 -7.5 -3.75 0 3.75 7.5 11.25
7959.292 -11.25 -7.5 -3.75 0 3.75 7.5 11.25
8072.626 -11.25 -7.5 -3.75 0 3.75 7.5 11.25
8463.969 -11.25 -7.5 -3.75 0 3.75 7.5 11.25
