0020 -0.225 -0.15 -0.075 0 -0.075 -0.15 -0.225 
0040 -0.225 -0.15 -0.075 0 -0.075 -0.15 -0.225 
0060 -0.225 -0.15 -0.075 0 -0.075 -0.15 -0.225 
0660 -0.221 -0.1474 -0.0737 0 -0.075 -0.15 -0.225 
0680 -0.1944 -0.1296 -0.0648 0 -0.075 -0.15 -0.225 
0700 -0.1465 -0.0977 -0.0488 0 -0.075 -0.15 -0.225 
0720 -0.0816 -0.0544 -0.0272 0 -0.075 -0.15 -0.225 
0740 -0.0039 -0.0026 -0.0013 0 -0.075 -0.15 -0.225 
0760 0.0822 0.0548 0.0274 0 -0.075 -0.15 -0.225 
0780 0.1724 0.115 0.0575 0 -0.075 -0.15 -0.225 
0800 0.2625 0.175 0.0875 0 -0.0751 -0.1503 -0.2254 
0820 0.3481 0.232 0.116 0 -0.0867 -0.1733 -0.26 
0840 0.4249 0.2832 0.1416 0 -0.1112 -0.2225 -0.3337 
0860 0.4886 0.3257 0.1629 0 -0.1411 -0.2822 -0.4233 
0880 0.5349 0.3566 0.1783 0 -0.1684 -0.3368 -0.5051 
0900 0.5596 0.3731 0.1865 0 -0.1853 -0.3707 -0.556 
0920 0.5625 0.375 0.1875 0 -0.1875 -0.375 -0.5625 
0940 0.5555 0.3703 0.1852 0 -0.1823 -0.3646 -0.547 
0960 0.5247 0.3498 0.1749 0 -0.1619 -0.3238 -0.4857 
0980 0.4734 0.3156 0.1578 0 -0.1332 -0.2664 -0.3996 
1000 0.4058 0.2705 0.1353 0 -0.104 -0.2079 -0.3119 
1020 0.3263 0.2175 0.1088 0 -0.0821 -0.1641 -0.2462 
1040 0.2391 0.1594 0.0797 0 -0.075 -0.15 -0.225 
1060 0.1486 0.0991 0.0495 0 -0.075 -0.15 -0.225 
1080 0.059 0.0394 0.0197 0 -0.075 -0.15 -0.225 
1100 -0.0253 -0.0169 -0.0084 0 -0.075 -0.15 -0.225 
1120 -0.1 -0.0667 -0.0333 0 -0.075 -0.15 -0.225 
1140 -0.1609 -0.1073 -0.0536 0 -0.075 -0.15 -0.225 
1160 -0.2037 -0.1358 -0.0679 0 -0.075 -0.15 -0.225 
1180 -0.2239 -0.1493 -0.0746 0 -0.075 -0.15 -0.225 
1200 -0.225 -0.15 -0.075 0 -0.075 -0.15 -0.225 
1220 -0.225 -0.15 -0.075 0 -0.075 -0.15 -0.225 
1240 -0.225 -0.15 -0.075 0 -0.075 -0.15 -0.225 
2320 -0.225 -0.15 -0.075 0 -0.0717 -0.1434 -0.2151 
2340 -0.225 -0.15 -0.075 0 -0.0614 -0.1228 -0.1843 
2360 -0.225 -0.15 -0.075 0 -0.0452 -0.0904 -0.1356 
2380 -0.225 -0.15 -0.075 0 -0.0241 -0.0482 -0.0723 
2400 -0.225 -0.15 -0.075 0 0.0008 0.0017 0.0025 
2420 -0.225 -0.15 -0.075 0 0.0285 0.057 0.0855 
2440 -0.225 -0.15 -0.075 0 0.0578 0.1157 0.1735 
2460 -0.2292 -0.1528 -0.0764 0 0.0878 0.1756 0.2634 
2480 -0.2677 -0.1784 -0.0892 0 0.1173 0.2346 0.3519 
2500 -0.3359 -0.2239 -0.112 0 0.1453 0.2905 0.4358 
2520 -0.421 -0.2807 -0.1403 0 0.1706 0.3413 0.5119 
2540 -0.5102 -0.3402 -0.1701 0 0.1924 0.3848 0.5771 
2560 -0.5909 -0.3939 -0.197 0 0.2094 0.4188 0.6282 
2580 -0.65 -0.4333 -0.2167 0 0.2206 0.4412 0.6618 
2600 -0.6749 -0.4499 -0.225 0 0.225 0.45 0.6749 
2620 -0.675 -0.45 -0.225 0 0.225 0.45 0.675 
2640 -0.6534 -0.4356 -0.2178 0 0.2212 0.4424 0.6637 
2660 -0.5965 -0.3976 -0.1988 0 0.2105 0.421 0.6315 
2680 -0.5171 -0.3447 -0.1724 0 0.1939 0.3878 0.5817 
2700 -0.428 -0.2854 -0.1427 0 0.1725 0.345 0.5175 
2720 -0.3421 -0.2281 -0.114 0 0.1474 0.2947 0.4421 
2740 -0.2721 -0.1814 -0.0907 0 0.1196 0.2391 0.3587 
2760 -0.2309 -0.1539 -0.077 0 0.0901 0.1803 0.2704 
2780 -0.225 -0.15 -0.075 0 0.0602 0.1204 0.1806 
2800 -0.225 -0.15 -0.075 0 0.0308 0.0615 0.0923 
2820 -0.225 -0.15 -0.075 0 0.0029 0.0059 0.0088 
2840 -0.225 -0.15 -0.075 0 -0.0222 -0.0445 -0.0667 
2860 -0.225 -0.15 -0.075 0 -0.0437 -0.0874 -0.1311 
2880 -0.225 -0.15 -0.075 0 -0.0603 -0.1207 -0.181 
2900 -0.225 -0.15 -0.075 0 -0.0711 -0.1423 -0.2134 
2920 -0.225 -0.15 -0.075 0 -0.075 -0.15 -0.225 
2940 -0.225 -0.15 -0.075 0 -0.075 -0.15 -0.225 
2960 -0.225 -0.15 -0.075 0 -0.075 -0.15 -0.225 
6580 -0.2248 -0.1499 -0.0749 0 -0.075 -0.15 -0.225 
6600 -0.2069 -0.138 -0.069 0 -0.075 -0.15 -0.225 
6620 -0.1633 -0.1089 -0.0544 0 -0.075 -0.15 -0.225 
6640 -0.0996 -0.0664 -0.0332 0 -0.075 -0.15 -0.225 
6660 -0.0215 -0.0143 -0.0072 0 -0.075 -0.15 -0.225 
6680 0.0653 0.0435 0.0218 0 -0.075 -0.15 -0.225 
6700 0.155 0.1034 0.0517 0 -0.075 -0.15 -0.225 
6720 0.2421 0.1614 0.0807 0 -0.075 -0.15 -0.225 
6740 0.3208 0.2139 0.1069 0 -0.0801 -0.1603 -0.2404 
6760 0.3854 0.2569 0.1285 0 -0.1043 -0.2085 -0.3128 
6780 0.4302 0.2868 0.1434 0 -0.1331 -0.2663 -0.3994 
6800 0.4496 0.2998 0.1499 0 -0.1496 -0.2993 -0.4489 
6820 0.45 0.3 0.15 0 -0.15 -0.3 -0.45 
6840 0.45 0.3 0.15 0 -0.15 -0.3 -0.45 
6860 0.45 0.3 0.15 0 -0.15 -0.3 -0.45 
7080 0.4479 0.2986 0.1493 0 -0.148 -0.2959 -0.4439 
7100 0.4225 0.2816 0.1408 0 -0.1273 -0.2546 -0.382 
7120 0.3728 0.2486 0.1243 0 -0.098 -0.1961 -0.2941 
7140 0.3047 0.2031 0.1016 0 -0.0772 -0.1543 -0.2315 
7160 0.2237 0.1491 0.0746 0 -0.075 -0.15 -0.225 
7180 0.1356 0.0904 0.0452 0 -0.075 -0.15 -0.225 
7200 0.046 0.0306 0.0153 0 -0.075 -0.15 -0.225 
7220 -0.0394 -0.0263 -0.0131 0 -0.075 -0.15 -0.225 
7240 -0.1148 -0.0766 -0.0383 0 -0.075 -0.15 -0.225 
7260 -0.1747 -0.1165 -0.0582 0 -0.075 -0.15 -0.225 
7280 -0.2132 -0.1421 -0.0711 0 -0.075 -0.15 -0.225 
7300 -0.225 -0.15 -0.075 0 -0.075 -0.15 -0.225 
7320 -0.225 -0.15 -0.075 0 -0.075 -0.15 -0.225 
7340 -0.225 -0.15 -0.075 0 -0.075 -0.15 -0.225 
