-102.982334365 -30.240136146
-92.5448211421 30.3759861161
-59.615262497 -31.3200682439
-41.9310741105 34.7167577033
-1.58125027902 -31.6259831955
4.82360643086 30.985442901
41.9139498991 -31.827263856
59.5328014548 30.7602784157
98.1975844929 -30.1861887346
100.189704436 34.8987741953
149.431122436 -31.4320461598
151.090297668 32.9468286514
190.278320348 -34.57518018
202.542852623 33.4044041151
248.990732195 -33.6743824226
252.297415795 31.5630804475
296.605198864 -32.9969301086
300.088731816 32.4644372318
344.012099751 -33.4036076235
358.96856501 34.795115351
392.873088098 -34.8768317541
404.907534797 30.3370800596
443.520009727 -30.82819097
456.639332712 33.4011644582
496.040070305 -32.3392914008
501.230516553 34.7926144192
549.633305247 -34.7454169387
556.977816806 33.0495844933
594.544536574 -34.0839961384
602.278304239 33.6224071815
649.211680358 -32.9942575825
659.349283824 34.8593192121
699.478471724 -31.9950117833
705.374143429 33.993497544
743.449048923 -34.1790585847
759.952865071 34.442964792
792.181026836 -31.2347343502
804.645885454 32.1534288617
848.510952133 -32.9143699702
854.543767808 30.7063283908
892.63654281 -32.9539429484
900.454594577 32.4546214523
947.495086964 -30.8519331643
953.776461734 34.6128640232
998.050648946 -34.965626443
1006.96695303 30.4325973746
1045.34886131 -32.0223985115
1058.14825136 30.6839433071
1092.20722852 -30.5378620727
1107.41156505 30.6095022866
1145.67556016 -30.0042609928
1155.43750798 33.4730893502
1191.14061976 -33.8620110362
1206.35991786 31.8226727238
1240.75903508 -34.800025006
1250.86398276 32.9692519146
1291.1705197 -31.9697209798
1301.23602951 33.8349605156
1345.42799544 -34.4286173292
1353.92816317 31.0046196645
1391.84829281 -30.7157280911
1409.77440995 33.4043702482
1444.27328589 -32.9246775268
1455.25981986 30.9010796742
1494.86327072 -32.3519566728
1508.93855582 34.3431420862
1547.84209747 -33.0411877455
1557.34615086 33.9065581795
1594.75841689 -34.1621038501
1609.74940318 34.9593679751
1649.62859436 -34.9244784268
1652.82937954 34.9398199303
1694.8721432 -31.1304502758
1706.73796528 30.9353573971
1749.5941002 -30.9929597171
1750.55049218 31.114999202
1792.94911724 -34.8082425301
1806.0440969 32.3138356684
1844.37701437 -31.2100608181
1859.2571873 34.4875585306
1891.93630648 -34.8445619807
1905.38904453 32.9559585521
1941.88950838 -32.8252905936
1955.35468718 34.4065326143
1995.67168687 -32.6165576397
2000.54547761 30.0629406338
2044.00584019 -30.4563510907
2055.24788898 34.1930190505
2094.84056403 -31.8650799259
2105.14500658 31.0541165378
2146.17698817 -34.1483491777
2151.16110997 34.4023045098
2197.50223867 -30.9571071934
2207.26441493 34.2958206864
2242.50907233 -30.8890781045
2257.6885306 31.0465316712
2295.59604926 -33.0441778233
2308.03584682 34.3600691146
2340.19301095 -34.4660163204
2359.45625953 33.9161117426
2399.272606 -32.0744971644
2407.72834081 32.9953893739
2447.3428662 -30.9579672438
2453.81065754 33.1765215736
2493.15017705 -33.312150891
2503.88752958 30.9971193074
2540.90315346 -33.9416497563
2552.43456519 30.2313706228
2592.86751693 -31.4423067122
2609.72147932 34.4288166506
2645.88183753 -31.7135026836
2653.28670329 32.4931713025
2698.18282586 -33.8310829736
2706.38109466 34.3408881876
2740.227906 -34.4251177687
2751.11989542 33.1317280708
2799.43570425 -31.8086586263
2809.13620748 32.6975851771
2840.16717374 -34.8214445341
2852.0127258 32.1032573406
2895.5199878 -33.6434222137
2901.02843941 31.5370174679
2943.53954271 -34.4077602505
2956.21149974 33.7665516904
2999.37338604 -32.8658856833
3008.67069973 32.7321874563
3047.73563731 -33.5711544188
3054.97435557 30.8820376505
3094.68009952 -34.0771709363
3107.86101397 31.5770109457
3145.12084886 -31.118719789
3156.07388863 30.3906841355
3196.4555158 -31.8987488691
3203.55925991 33.0030235212
3246.01357291 -33.1419123399
3252.18624211 32.1999586947
3298.68494934 -33.8059848765
3302.96154356 32.0706314157
3345.84821932 -30.3167858034
3350.93920222 32.4975146219
3394.76173546 -31.6461623389
3400.2129631 32.2718996421
3440.75948492 -30.6812667104
3450.36800518 30.5885209927
3495.71639995 -34.2419017803
3507.55987364 30.7678436828
3548.62264192 -32.4598756159
3554.47270271 33.3533455145
3595.7664748 -33.8705731614
3607.17342596 30.056182112
3643.4228427 -34.3320959644
3653.66261444 32.789436129
3694.61048376 -32.7274636153
3702.94662137 31.6596845642
3741.48170139 -31.0497521204
3751.8862582 34.9474919951
3796.66381496 -31.7693989122
3802.45181448 31.6290740279
3840.79417093 -34.0165540505
3856.97254768 31.8273513405
3896.47773156 -31.6805460366
3900.07294341 32.3099253939
3945.14857433 -32.8846487986
3952.75911814 30.8017260914
3995.8801755 -33.4175141563
4009.63218211 32.3104462224
4046.11950508 -33.8383933258
4055.93908973 30.878285595
4090.75779107 -32.1809328736
4108.28481176 33.0014634352
4145.47915072 -30.504067511
4152.37120129 33.1618318153
4194.24475783 -34.3422574141
4205.33827146 33.0525348772
4246.23523883 -31.1056275505
4258.85667194 32.2742526009
4292.87517288 -34.5011786174
4306.01819769 34.6527608241
4346.92226241 -34.1717317663
4353.39368321 33.4829784908
4394.77903493 -30.2955975372
4409.44275341 34.0424630781
4440.84861401 -32.9280194952
4456.50593831 34.992981113
4496.94934344 -30.5560097226
4507.35720328 34.1391150257
4544.74312978 -30.3608402928
4553.2990211 30.3257918984
4599.98606141 -32.2208088602
4608.53432476 31.8438836033
4643.87990403 -31.0928263651
4659.07386681 34.9364068831
4694.48161172 -30.7217979012
4705.12765076 31.4930863927
4744.82238367 -34.4785066301
4754.13713063 30.2125822188
4793.39303301 -30.2796654044
4801.02004648 33.1805257218
4848.64479597 -30.3743767989
4850.97382691 32.4406923794
4895.15148698 -34.5562284461
4900.03797668 34.5312319996
4946.71081207 -32.5881278125
4956.21277965 31.2741841601
4994.06420848 -30.4879798494
5007.9297043 31.0154912258
5046.9630565 -33.9761148119
5052.26211695 31.9473750981
5091.69969036 -31.3698012769
5105.50363277 32.430763053
5142.89905383 -31.663017218
5152.00288141 33.449297481
5195.05130432 -34.6468457614
5201.9564663 33.3410069462
5243.50350577 -30.9671621764
5252.61718593 33.6620468194
5295.18347189 -33.3562380288
5306.47805379 30.126772297
5342.69804371 -34.8713307273
5359.18505141 34.8485820509
5393.24079597 -34.4950081442
5400.37346161 32.5923031979
5449.16216862 -34.4857280473
5457.79970601 32.1741369845
5498.33830556 -34.4421079128
5501.74749061 31.6768383061
5545.96077373 -32.2253215086
5559.90415229 32.7159720994
5596.17320924 -34.0224337813
5608.13429954 31.818087402
5642.95242497 -30.0874522347
5651.26812964 32.4984670558
5692.5662329 -33.6653812186
5708.25028551 32.2632332556
5744.07236917 -34.8102574341
5755.27019911 30.0040957908
5796.07873096 -30.4818608028
5800.43777849 34.6566816287
5840.57943959 -33.8890927462
5858.31165073 31.8199600651
5896.99036087 -32.2130703335
5905.20497123 34.2834744733
5946.49288315 -31.9056444335
5954.77664213 33.517826498
5992.59904672 -31.4206419482
6008.62625897 33.1175332103
6048.22925443 -30.4030061899
6054.79870022 33.8757597206
6094.3016566 -32.8502449106
6108.06190458 30.6029331546
6144.75418229 -34.2666168175
6152.16644989 30.8205576878
6190.5276351 -33.5475920474
6208.64506891 33.2614945005
6241.19248229 -32.4835007787
6257.87707189 32.2998229288
6297.88014497 -34.3959930073
6302.73663488 31.5547499877
6347.37245707 -31.1910898756
6352.36834577 33.7569709417
6391.76968671 -30.8979318798
6403.92148732 30.4628644096
6445.57873267 -31.1791164028
6455.92770255 30.2419930455
6497.14225543 -32.7971467928
6505.80822513 32.5175268187
6547.65768528 -30.0741936293
6554.56106602 33.3676660664
6592.81111449 -31.4976271455
6606.97737101 30.9820387017
6648.08975963 -31.0430858728
6656.06523521 34.6846173038
6695.45585034 -32.2165908924
6707.40688839 32.407562399
6742.58119376 -30.8425322474
6754.36174036 33.7505938922
6792.78743835 -31.9886175393
6804.03435105 30.1091451916
6849.44252073 -33.0548319419
6852.54073631 34.0685769752
6894.60769751 -33.9055386409
6909.17067469 31.85269198
6940.19489092 -32.2821746084
6954.56634957 34.6156800229
6990.33606904 -31.7527122703
7005.84740641 31.4621787871
7048.06622083 -30.6738427404
7052.82577756 31.4971931895
7095.05897236 -30.8885855027
7108.07792021 30.1634956832
7141.84817974 -30.1142548218
7152.31478951 30.3955288915
7190.27181946 -32.7475548937
7202.06119819 31.8168744821
7242.52110898 -33.409986507
7257.69931819 30.4678676652
7295.28530572 -34.8056420443
7309.41018857 31.831837915
7341.585472 -33.6475614763
7354.46522926 31.5240090556
7397.88827526 -30.1112078661
7403.58258822 34.790821741
7448.48799052 -31.8689642967
7456.89075379 32.3915459768
7492.25192689 -31.4847124778
7505.71708629 30.8198929635
7549.15438296 -31.3560885629
7552.37766975 34.3896174461
7590.93006853 -31.1288331748
7609.9322773 32.9291117515
7643.8549258 -30.7383041927
7653.54019952 32.6364020943
7691.98957578 -32.0103842017
7708.47584103 32.2041022882
7740.29732985 -33.270753073
7756.00830802 33.6828626319
7791.83016431 -30.6116541989
7804.29513955 33.0325112164
7843.30739421 -34.6924098511
7851.94960431 31.0544544124
7897.31403335 -34.25361466
7905.97981675 34.5064539971
7949.04945227 -33.2486747112
7958.23816352 34.5286118122
7992.49128082 -31.1889374393
8008.90341983 32.6458707936
8043.68137173 -34.7740616501
8054.24873013 32.9899121699
8096.93935018 -30.1360934154
8106.55678713 32.8578919988
8142.70983632 -33.4023116592
8159.95486319 32.7286845266
8190.26585513 -33.152039295
8207.75563991 33.3370639826
8241.90838347 -30.1967530361
8259.05764261 30.0791488356
8292.35077496 -33.3054099474
8300.85764872 33.0816034164
8340.0080744 -32.7002788286
8355.80519884 34.3571429706
8399.88630744 -30.2138296041
8404.87614409 34.5279604336
8441.72652991 -32.3155876874
8454.00715777 30.3835396494
8496.57531329 -34.2106690164
8506.35562384 31.8016492021
8545.87777134 -31.2719838539
8556.48318362 34.9889596003
