17.1300 10.3229
34.2601 20.6458
51.3901 30.9686
68.5201 41.2915
85.6502 51.6144
102.7801 61.9375
119.9071 72.2654
137.0262 82.6065
154.1321 92.9693
171.2196 103.3623
188.2835 113.7942
205.3185 124.2732
222.3190 134.8079
239.2798 145.4066
256.1951 156.0777
273.0593 166.8293
289.8666 177.6697
306.6111 188.6068
323.2867 199.6487
339.8871 210.8033
356.4060 222.0782
372.8368 233.4812
389.1727 245.0196
405.4067 256.7009
421.5318 268.5322
437.5405 280.5204
453.4253 292.6724
469.1782 304.9948
484.7913 317.4939
500.2561 330.1759
515.5642 343.0467
530.7067 356.1119
545.6744 369.3769
560.4581 382.8468
575.0480 396.5262
589.4343 410.4196
603.6068 424.5311
617.5550 438.8642
631.2681 453.4225
644.7351 468.2086
657.9448 483.2250
670.8856 498.4738
683.5456 513.9565
695.9127 529.6740
707.9747 545.6270
719.7192 561.8151
731.1382 578.2343
742.2326 594.8747
753.0066 611.7243
763.4646 628.7718
773.6117 646.0063
783.4533 663.4170
792.9950 680.9939
802.2430 698.7270
811.2036 716.6072
819.8835 734.6253
828.2896 752.7727
836.4291 771.0413
844.3096 789.4231
851.9387 807.9107
859.3241 826.4970
866.4741 845.1751
873.3969 863.9387
880.1007 882.7816
886.5943 901.6979
892.8863 920.6823
898.9855 939.7296
904.9008 958.8347
910.6412 977.9931
916.2159 997.2004
921.6341 1016.4524
926.9051 1035.7453
932.0383 1055.0753
937.0430 1074.4390
941.9287 1093.8330
946.7049 1113.2543
951.3813 1132.6999
955.9675 1152.1670
960.4730 1171.6528
964.9076 1191.1550
969.2810 1210.6710
973.6028 1230.1984
977.8829 1249.7351
982.1309 1269.2787
986.3567 1288.8272
990.5699 1308.3784
994.7799 1327.9303
998.9898 1347.4822
1003.1997 1367.0341
1007.4096 1386.5860
1011.6195 1406.1379
1015.8294 1425.6898
1020.0393 1445.2417
1024.2492 1464.7936
1028.4591 1484.3455
1032.6690 1503.8974
1036.8789 1523.4493
1041.0890 1543.0011
1045.3077 1562.5511
1049.5527 1582.0954
1053.8426 1601.6299
1058.1959 1621.1504
1062.6309 1640.6524
1067.1661 1660.1314
1071.8197 1679.5824
1076.6100 1699.0003
1081.5550 1718.3792
1086.6727 1737.7133
1091.9811 1756.9959
1097.4977 1776.2199
1103.2402 1795.3776
1109.2256 1814.4608
1115.4712 1833.4604
1121.9935 1852.3668
1128.8091 1871.1695
1135.9340 1889.8571
1143.3837 1908.4175
1151.1736 1926.8378
1159.3181 1945.1040
1167.8315 1963.2012
1176.7272 1981.1135
1186.0179 1998.8241
1195.7157 2016.3151
1205.8316 2033.5675
1216.3760 2050.5615
1227.3580 2067.2759
1238.7858 2083.6888
1250.6663 2099.7768
1263.0052 2115.5160
1275.8069 2130.8812
1289.0723 2145.8477
1302.7896 2160.4013
1316.9348 2174.5393
1331.4825 2188.2629
1346.4078 2201.5750
1361.6869 2214.4794
1377.2969 2226.9817
1393.2157 2239.0883
1409.4222 2250.8071
1425.8962 2262.1468
1442.6186 2273.1172
1459.5708 2283.7288
1476.7357 2293.9930
1494.0966 2303.9222
1511.6379 2313.5290
1529.3448 2322.8272
1547.2034 2331.8305
1565.2006 2340.5538
1583.3238 2349.0119
1601.5616 2357.2204
1619.9028 2365.1950
1638.3372 2372.9519
1656.8550 2380.5075
1675.4470 2387.8786
1694.1046 2395.0821
1712.8197 2402.1352
1731.5844 2409.0550
1750.3914 2415.8592
1769.2336 2422.5652
1788.1042 2429.1909
1806.9967 2435.7538
1825.9048 2442.2719
1844.8221 2448.7631
1863.7426 2455.2448
1882.6633 2461.7261
1901.5840 2468.2075
1920.5047 2474.6888
1939.4253 2481.1702
1958.3460 2487.6515
1977.2667 2494.1329
1996.1874 2500.6142
2015.1081 2507.0956
2034.0287 2513.5769
2052.9494 2520.0583
2071.8701 2526.5396
2090.7908 2533.0210
2109.7115 2539.5023
2128.6321 2545.9837
2147.5528 2552.4650
2166.4735 2558.9464
2185.3934 2565.4299
2204.2963 2571.9630
2223.1753 2578.5648
2242.0301 2585.2352
2260.8606 2591.9741
2279.6664 2598.7815
2298.4474 2605.6572
2317.2032 2612.6011
2335.9337 2619.6132
2354.6385 2626.6933
2373.3175 2633.8415
2391.9703 2641.0575
2410.5968 2648.3412
2429.1967 2655.6927
2447.7697 2663.1118
2466.3157 2670.5983
2484.8342 2678.1522
2503.3252 2685.7734
2521.7884 2693.4619
2540.2234 2701.2174
2558.6302 2709.0398
2577.0084 2716.9292
2595.3577 2724.8854
2613.6780 2732.9082
2631.9691 2740.9975
2650.2306 2749.1534
2668.4623 2757.3756
2686.6639 2765.6640
2704.8354 2774.0186
2722.9763 2782.4392
2741.0865 2790.9257
2759.1657 2799.4780
2777.2137 2808.0960
2795.2302 2816.7795
2813.2150 2825.5285
2831.1680 2834.3429
2849.0887 2843.2225
2866.9770 2852.1672
2884.8327 2861.1768
2902.6555 2870.2514
2920.4452 2879.3907
2938.2015 2888.5946
2955.9242 2897.8630
2973.6132 2907.1959
2991.2680 2916.5930
3008.8886 2926.0542
3026.4747 2935.5794
3044.0260 2945.1685
3061.5423 2954.8214
3079.0234 2964.5379
3096.4691 2974.3179
3113.8790 2984.1613
3131.2531 2994.0679
3148.5910 3004.0377
3165.8926 3014.0704
3183.1576 3024.1660
3200.3857 3034.3242
3217.5768 3044.5451
3234.7306 3054.8284
3251.8469 3065.1740
3268.9255 3075.5818
3285.9661 3086.0517
3302.9685 3096.5834
3319.9325 3107.1769
3336.8579 3117.8320
3353.7444 3128.5486
3370.5918 3139.3265
3387.4000 3150.1656
3404.1686 3161.0657
3420.8974 3172.0268
3437.5863 3183.0486
3454.2350 3194.1310
3470.8433 3205.2739
3487.4110 3216.4771
3503.9378 3227.7405
3520.4236 3239.0639
3536.8680 3250.4472
3553.2710 3261.8902
3569.6322 3273.3928
3585.9515 3284.9548
3602.2287 3296.5761
3618.4635 3308.2564
3634.6557 3319.9958
3650.8051 3331.7939
3666.9115 3343.6507
3682.9747 3355.5660
3698.9944 3367.5396
3714.9705 3379.5714
3730.9028 3391.6612
3746.7910 3403.8088
3762.6348 3416.0142
3778.4343 3428.2770
3794.1890 3440.5973
3809.8988 3452.9747
3825.5635 3465.4093
3841.1828 3477.9006
3856.7567 3490.4487
3872.2961 3503.0395
3887.8335 3515.6328
3903.3708 3528.2260
3918.9082 3540.8193
3934.4456 3553.4125
3949.9829 3566.0058
3965.5203 3578.5991
3981.0576 3591.1923
3996.5950 3603.7856
4012.1324 3616.3789
4027.6697 3628.9721
4043.2071 3641.5654
4058.7445 3654.1587
4074.2815 3666.7523
4089.8157 3679.3496
4105.3436 3691.9544
4120.8620 3704.5711
4136.3674 3717.2036
4151.8565 3729.8563
4167.3258 3742.5330
4182.7719 3755.2380
4198.1914 3767.9753
4213.5809 3780.7489
4228.9367 3793.5629
4244.2554 3806.4213
4259.5333 3819.3280
4274.7670 3832.2870
4289.9527 3845.3022
4305.0867 3858.3773
4320.1653 3871.5164
4335.1848 3884.7230
4350.1412 3898.0010
4365.0307 3911.3540
4379.8493 3924.7856
4394.5930 3938.2993
4409.2577 3951.8988
4423.8393 3965.5873
4438.3335 3979.3683
4452.7361 3993.2451
4467.0427 4007.2208
4481.2489 4021.2985
4495.3501 4035.4814
4509.3418 4049.7723
4523.2193 4064.1741
4536.9779 4078.6896
4550.6126 4093.3215
4564.1187 4108.0722
4577.4911 4122.9442
4590.7247 4137.9398
4603.8144 4153.0612
4616.7548 4168.3106
4629.5406 4183.6897
4642.1665 4199.2005
4654.6268 4214.8446
4666.9160 4230.6234
4679.0283 4246.5384
4690.9579 4262.5908
4702.6991 4278.7816
4714.2458 4295.1116
4725.5919 4311.5815
4736.7314 4328.1920
4747.6581 4344.9431
4758.3657 4361.8352
4768.8482 4378.8679
4779.1027 4396.0388
4789.1273 4413.3449
4798.9203 4430.7831
4808.4799 4448.3503
4817.8045 4466.0434
4826.8923 4483.8593
4835.7418 4501.7947
4844.3514 4519.8466
4852.7195 4538.0116
4860.8447 4556.2866
4868.7255 4574.6683
4876.3605 4593.1535
4883.7484 4611.7388
4890.8899 4630.4201
4897.7886 4649.1925
4904.4483 4668.0510
4910.8729 4686.9909
4917.0666 4706.0076
4923.0336 4725.0966
4928.7781 4744.2537
4934.3044 4763.4750
4939.6170 4782.7564
4944.7203 4802.0942
4949.6190 4821.4849
4954.3177 4840.9250
4958.8211 4860.4113
4963.1340 4879.9407
4967.2610 4899.5102
4971.2072 4919.1169
4974.9774 4938.7583
4978.5765 4958.4317
4982.0096 4978.1348
4985.2816 4997.8653
4988.3976 5017.6210
4991.3627 5037.4000
4994.1819 5057.2002
4996.8605 5077.0200
4999.4036 5096.8576
5001.8163 5116.7115
5004.1038 5136.5802
5006.2714 5156.4624
5008.3242 5176.3567
5010.2676 5196.2621
5012.1068 5216.1773
5013.8470 5236.1014
5015.4935 5256.0335
5017.0515 5275.9727
5018.5265 5295.9183
5019.9236 5315.8694
5021.2482 5335.8255
5022.5055 5355.7859
5023.7010 5375.7501
5024.8398 5395.7177
5025.9274 5415.6881
5026.9689 5435.6609
5027.9699 5455.6359
5028.9355 5475.6126
5029.8711 5495.5907
5030.7820 5515.5699
5031.6736 5535.5500
5032.5512 5555.5308
5033.4201 5575.5119
5034.2855 5595.4931
5035.1508 5615.4744
5036.0160 5635.4557
5036.8813 5655.4370
5037.7465 5675.4182
5038.6118 5695.3995
5039.4770 5715.3808
5040.3423 5735.3621
5041.2075 5755.3433
5042.0728 5775.3246
5042.9380 5795.3059
5043.8033 5815.2872
5044.6685 5835.2684
5045.5337 5855.2497
5046.3990 5875.2310
5047.2642 5895.2123
5048.1295 5915.1935
5048.9947 5935.1748
5049.8600 5955.1561
5050.7252 5975.1374
