-1.0 -0.2 0 -0.2 
971.151 -0.2 0 -0.2 
1131.151 0.2 0 -0.2 
1171.151 0.3 0 -0.3 
1211.151 0.4 0 -0.4 
1357.097 0.4 0 -0.4 
1397.097 0.3 0 -0.3 
1437.097 0.2 0 -0.2 
1597.097 -0.2 0 -0.2 
3360.725 -0.2 0 -0.2 
3520.725 -0.2 0 0.2 
3560.725 -0.3 0 0.3 
3771.896 -0.3 0 0.3 
3811.896 -0.2 0 0.2 
3971.896 -0.2 0 -0.2 
5863.044 -0.2 0 -0.2 
6023.044 0.2 0 -0.2 
6063.044 0.3 0 -0.3 
6103.044 0.4 0 -0.4 
6209.396 0.4 0 -0.4 
6249.396 0.3 0 -0.3 
6289.396 0.2 0 -0.2 
6449.396 -0.2 0 -0.2 
7052.829 -0.2 0 -0.2 
