0020 -0.2 0 -0.2
0040 -0.2 0 -0.2
0060 -0.2 0 -0.2
0080 -0.2 0 -0.2
0100 -0.2 0 -0.2
0120 -0.2 0 -0.2
0140 -0.2 0 -0.2
0160 -0.2 0 -0.2
0180 -0.2 0 -0.2
0200 -0.2 0 -0.2
0220 -0.2 0 -0.2
0240 -0.2 0 -0.2
0260 -0.2 0 -0.2
0280 -0.2 0 -0.2
0300 -0.2 0 -0.2
0320 -0.2 0 -0.2
0340 -0.2 0 -0.2
0360 -0.2 0 -0.2
0380 -0.2 0 -0.2
0400 -0.2 0 -0.2
0420 -0.197613124203 0 -0.2
0440 -0.176075926986 0 -0.2
0460 -0.135548938103 0 -0.2
0480 -0.0801988242191 0 -0.2
0500 -0.0141922520021 0 -0.2
0520 0.0583041118816 0 -0.2
0540 0.133123600765 0 -0.2
0560 0.206099547982 0 -0.2
0580 0.273065286866 0 -0.206799731981
0600 0.32985415075 0 -0.259267006934
0620 0.372299472967 0 -0.332642406887
0640 0.39623458685 0 -0.389425931841
0660 0.4 0 -0.4
0680 0.4 0 -0.4
0700 0.4 0 -0.4
0720 0.4 0 -0.4
0740 0.4 0 -0.4
0760 0.4 0 -0.4
0780 0.4 0 -0.4
0800 0.4 0 -0.4
0820 0.4 0 -0.4
0840 0.4 0 -0.4
0860 0.4 0 -0.4
0880 0.4 0 -0.4
0900 0.4 0 -0.4
0920 0.4 0 -0.4
0940 0.4 0 -0.4
0960 0.4 0 -0.4
0980 0.4 0 -0.4
1000 0.4 0 -0.4
1020 0.4 0 -0.4
1040 0.4 0 -0.4
1060 0.4 0 -0.4
1080 0.4 0 -0.4
1100 0.4 0 -0.4
1120 0.4 0 -0.4
1140 0.4 0 -0.4
1160 0.4 0 -0.4
1180 0.4 0 -0.4
1200 0.4 0 -0.4
1220 0.4 0 -0.4
1240 0.4 0 -0.4
1260 0.4 0 -0.4
1280 0.4 0 -0.4
1300 0.4 0 -0.4
1320 0.4 0 -0.4
1340 0.4 0 -0.4
1360 0.4 0 -0.4
1380 0.4 0 -0.4
1400 0.4 0 -0.4
1420 0.4 0 -0.4
1440 0.4 0 -0.4
1460 0.4 0 -0.4
1480 0.4 0 -0.4
1500 0.4 0 -0.4
1520 0.4 0 -0.4
1540 0.4 0 -0.4
1560 0.4 0 -0.4
1580 0.4 0 -0.4
1600 0.4 0 -0.4
1620 0.4 0 -0.4
1640 0.4 0 -0.4
1660 0.4 0 -0.4
1680 0.4 0 -0.4
1700 0.4 0 -0.4
1720 0.4 0 -0.4
1740 0.4 0 -0.4
1760 0.4 0 -0.4
1780 0.4 0 -0.4
1800 0.4 0 -0.4
1820 0.4 0 -0.4
1840 0.4 0 -0.4
1860 0.4 0 -0.4
1880 0.4 0 -0.4
1900 0.4 0 -0.4
1920 0.399738767147 0 -0.399229043507
1940 0.38465075018 0 -0.360209390803
1960 0.349334191546 0 -0.2891328631
1980 0.297955757912 0 -0.223499460397
2000 0.234682115945 0 -0.2
2020 0.163679932311 0 -0.2
2040 0.0891158736778 0 -0.2
2060 0.0151566067108 0 -0.2
2080 -0.0540312019229 0 -0.2
2100 -0.114280885557 0 -0.2
2120 -0.161425777524 0 -0.2
2140 -0.191299211157 0 -0.2
2160 -0.2 0 -0.2
2180 -0.2 0 -0.2
2200 -0.2 0 -0.2
2220 -0.2 0 -0.2
2240 -0.2 0 -0.2
2260 -0.2 0 -0.2
2280 -0.2 0 -0.2
2300 -0.2 0 -0.2
2320 -0.2 0 -0.2
2340 -0.2 0 -0.2
2360 -0.2 0 -0.2
2380 -0.2 0 -0.2
2400 -0.2 0 -0.2
2420 -0.2 0 -0.2
2440 -0.2 0 -0.2
2460 -0.2 0 -0.2
2480 -0.2 0 -0.2
2500 -0.2 0 -0.2
2520 -0.2 0 -0.2
2540 -0.2 0 -0.2
2560 -0.2 0 -0.2
2580 -0.2 0 -0.186962933615
2600 -0.2 0 -0.149728125803
2620 -0.2 0 -0.0942758179902
2640 -0.2 0 -0.0266060101777
2660 -0.2 0 0.0472812976348
2680 -0.2 0 0.121386105447
2700 -0.2 0 0.18970841326
2720 -0.2 0 0.246248221072
2740 -0.247282440869 0 0.285005528885
2760 -0.299902636182 0 0.299980336697
2780 -0.3 0 0.3
2800 -0.3 0 0.3
2820 -0.3 0 0.3
2840 -0.3 0 0.3
2860 -0.3 0 0.3
2880 -0.3 0 0.3
2900 -0.3 0 0.3
2920 -0.3 0 0.3
2940 -0.3 0 0.3
2960 -0.3 0 0.3
2980 -0.3 0 0.3
3000 -0.3 0 0.3
3020 -0.3 0 0.3
3040 -0.3 0 0.3
3060 -0.3 0 0.3
3080 -0.3 0 0.3
3100 -0.3 0 0.3
3120 -0.3 0 0.3
3140 -0.3 0 0.3
3160 -0.3 0 0.3
3180 -0.3 0 0.3
3200 -0.3 0 0.3
3220 -0.3 0 0.3
3240 -0.3 0 0.3
3260 -0.3 0 0.3
3280 -0.3 0 0.3
3300 -0.3 0 0.3
3320 -0.3 0 0.3
3340 -0.3 0 0.3
3360 -0.3 0 0.3
3380 -0.3 0 0.3
3400 -0.3 0 0.3
3420 -0.3 0 0.3
3440 -0.3 0 0.3
3460 -0.3 0 0.3
3480 -0.3 0 0.3
3500 -0.3 0 0.3
3520 -0.3 0 0.3
3540 -0.3 0 0.3
3560 -0.3 0 0.3
3580 -0.3 0 0.3
3600 -0.3 0 0.3
3620 -0.3 0 0.3
3640 -0.3 0 0.3
3660 -0.3 0 0.3
3680 -0.3 0 0.3
3700 -0.3 0 0.3
3720 -0.3 0 0.3
3740 -0.3 0 0.3
3760 -0.3 0 0.3
3780 -0.3 0 0.3
3800 -0.3 0 0.3
3820 -0.3 0 0.3
3840 -0.3 0 0.3
3860 -0.3 0 0.3
3880 -0.3 0 0.3
3900 -0.3 0 0.3
3920 -0.3 0 0.3
3940 -0.3 0 0.3
3960 -0.3 0 0.3
3980 -0.3 0 0.3
4000 -0.3 0 0.3
4020 -0.3 0 0.3
4040 -0.3 0 0.3
4060 -0.3 0 0.3
4080 -0.3 0 0.3
4100 -0.3 0 0.3
4120 -0.3 0 0.3
4140 -0.3 0 0.3
4160 -0.3 0 0.3
4180 -0.3 0 0.3
4200 -0.3 0 0.3
4220 -0.3 0 0.3
4240 -0.3 0 0.3
4260 -0.3 0 0.3
4280 -0.3 0 0.3
4300 -0.3 0 0.3
4320 -0.3 0 0.3
4340 -0.3 0 0.3
4360 -0.3 0 0.3
4380 -0.3 0 0.3
4400 -0.3 0 0.3
4420 -0.3 0 0.3
4440 -0.3 0 0.3
4460 -0.3 0 0.3
4480 -0.3 0 0.3
4500 -0.3 0 0.3
4520 -0.3 0 0.3
4540 -0.3 0 0.3
4560 -0.3 0 0.3
4580 -0.289349186715 0 0.297603722989
4600 -0.221273214715 0 0.273155884109
4620 -0.2 0 0.227139245229
4640 -0.2 0 0.165553806349
4660 -0.2 0 0.0943995674686
4680 -0.2 0 0.0196765285886
4700 -0.2 0 -0.0526153102914
4720 -0.2 0 -0.116475949171
4740 -0.2 0 -0.165905388051
4760 -0.2 0 -0.194903626931
4780 -0.2 0 -0.2
4800 -0.2 0 -0.2
4820 -0.2 0 -0.2
4840 -0.2 0 -0.2
4860 -0.2 0 -0.2
4880 -0.2 0 -0.2
4900 -0.2 0 -0.2
4920 -0.2 0 -0.2
4940 -0.2 0 -0.2
4960 -0.2 0 -0.2
4980 -0.2 0 -0.2
5000 -0.2 0 -0.2
5020 -0.2 0 -0.2
5040 -0.2 0 -0.2
5060 -0.2 0 -0.2
5080 -0.2 0 -0.2
5100 -0.2 0 -0.2
5120 -0.2 0 -0.2
5140 -0.2 0 -0.2
5160 -0.2 0 -0.2
5180 -0.2 0 -0.2
5200 -0.2 0 -0.2
5220 -0.2 0 -0.2
5240 -0.2 0 -0.2
5260 -0.2 0 -0.2
5280 -0.2 0 -0.2
5300 -0.2 0 -0.2
5320 -0.1914386123 0 -0.2
5340 -0.161701733494 0 -0.2
5360 -0.114664021355 0 -0.2
5380 -0.0544921425495 0 -0.2
5400 0.014647236256 0 -0.2
5420 0.0885874483949 0 -0.2
5440 0.1631618272 0 -0.2
5460 0.234203706006 0 -0.2
5480 0.297546418145 0 -0.223145126304
5500 0.34902329695 0 -0.288607035554
5520 0.384467675756 0 -0.359776444804
5540 0.399712887895 0 -0.399153354054
5560 0.4 0 -0.4
5580 0.4 0 -0.4
5600 0.4 0 -0.4
5620 0.4 0 -0.4
5640 0.4 0 -0.4
5660 0.4 0 -0.4
5680 0.4 0 -0.4
5700 0.4 0 -0.4
5720 0.4 0 -0.4
5740 0.4 0 -0.4
5760 0.4 0 -0.4
5780 0.4 0 -0.4
5800 0.4 0 -0.4
5820 0.4 0 -0.4
5840 0.4 0 -0.4
5860 0.4 0 -0.4
5880 0.4 0 -0.4
5900 0.4 0 -0.4
5920 0.4 0 -0.4
5940 0.4 0 -0.4
5960 0.4 0 -0.4
5980 0.4 0 -0.4
6000 0.4 0 -0.4
6020 0.4 0 -0.4
6040 0.4 0 -0.4
6060 0.4 0 -0.4
6080 0.4 0 -0.4
6100 0.4 0 -0.4
6120 0.4 0 -0.4
6140 0.4 0 -0.4
6160 0.4 0 -0.4
6180 0.4 0 -0.4
6200 0.4 0 -0.4
6220 0.4 0 -0.4
6240 0.4 0 -0.4
6260 0.4 0 -0.4
6280 0.4 0 -0.4
6300 0.4 0 -0.4
6320 0.4 0 -0.4
6340 0.4 0 -0.4
6360 0.4 0 -0.4
6380 0.4 0 -0.4
6400 0.4 0 -0.4
6420 0.4 0 -0.4
6440 0.4 0 -0.4
6460 0.4 0 -0.4
6480 0.4 0 -0.4
6500 0.4 0 -0.4
6520 0.4 0 -0.4
6540 0.4 0 -0.4
6560 0.4 0 -0.4
6580 0.4 0 -0.4
6600 0.4 0 -0.4
6620 0.4 0 -0.4
6640 0.4 0 -0.4
6660 0.4 0 -0.4
6680 0.4 0 -0.4
6700 0.4 0 -0.4
6720 0.4 0 -0.4
6740 0.4 0 -0.4
6760 0.4 0 -0.4
6780 0.396589603391 0 -0.390389833523
6800 0.373219281253 0 -0.334586934273
6820 0.331224792447 0 -0.261166535023
6840 0.274772803641 0 -0.207628635773
6860 0.208029981503 0 -0.2
6880 0.135162992697 0 -0.2
6900 0.0603385038914 0 -0.2
6920 -0.0122768182475 0 -0.2
6940 -0.0785163070531 0 -0.2
6960 -0.134213295859 0 -0.2
6980 -0.175201117997 0 -0.2
7000 -0.197313106803 0 -0.2
7020 -0.2 0 -0.2
7040 -0.2 0 -0.2
