-1.0 -3.75 0 3.75 
411.151 -3.75 0 3.75 
571.151 -3.75 0 3.75 
611.151 -3.75 0 3.75 
651.151 -3.75 0 3.75 
1917.097 -3.75 0 3.75 
1957.097 -3.75 0 3.75 
1997.097 -3.75 0 3.75 
2157.097 -3.75 0 3.75 
2560.725 -3.75 0 3.75 
2720.725 -3.75 0 3.75 
2760.725 -3.75 0 3.75 
4571.896 -3.75 0 3.75 
4611.896 -3.75 0 3.75 
4771.896 -3.75 0 3.75 
5303.044 -3.75 0 3.75 
5463.044 -3.75 0 3.75 
5503.044 -3.75 0 3.75 
5543.044 -3.75 0 3.75 
6769.396 -3.75 0 3.75 
6809.396 -3.75 0 3.75 
6849.396 -3.75 0 3.75 
7009.396 -3.75 0 3.75 
7052.829 -3.75 0 3.75 
