-1.0 -0.2 0 -0.2 
411.151 -0.2 0 -0.2 
571.151 0.2 0 -0.2 
611.151 0.3 0 -0.3 
651.151 0.4 0 -0.4 
1917.097 0.4 0 -0.4 
1957.097 0.3 0 -0.3 
1997.097 0.2 0 -0.2 
2157.097 -0.2 0 -0.2 
2560.725 -0.2 0 -0.2 
2720.725 -0.2 0 0.2 
2760.725 -0.3 0 0.3 
4571.896 -0.3 0 0.3 
4611.896 -0.2 0 0.2 
4771.896 -0.2 0 -0.2 
5303.044 -0.2 0 -0.2 
5463.044 0.2 0 -0.2 
5503.044 0.3 0 -0.3 
5543.044 0.4 0 -0.4 
6769.396 0.4 0 -0.4 
6809.396 0.3 0 -0.3 
6849.396 0.2 0 -0.2 
7009.396 -0.2 0 -0.2 
7052.829 -0.2 0 -0.2 
