-1.0 -3.75 0 3.75 
971.151 -3.75 0 3.75 
1131.151 -3.75 0 3.75 
1171.151 -3.75 0 3.75 
1211.151 -3.75 0 3.75 
1357.097 -3.75 0 3.75 
1397.097 -3.75 0 3.75 
1437.097 -3.75 0 3.75 
1597.097 -3.75 0 3.75 
3360.725 -3.75 0 3.75 
3520.725 -3.75 0 3.75 
3560.725 -3.75 0 3.75 
3771.896 -3.75 0 3.75 
3811.896 -3.75 0 3.75 
3971.896 -3.75 0 3.75 
5863.044 -3.75 0 3.75 
6023.044 -3.75 0 3.75 
6063.044 -3.75 0 3.75 
6103.044 -3.75 0 3.75 
6209.396 -3.75 0 3.75 
6249.396 -3.75 0 3.75 
6289.396 -3.75 0 3.75 
6449.396 -3.75 0 3.75 
7052.829 -3.75 0 3.75 
