-103.359148127 -30.8243244083
-90.7417596458 31.6144895992
-57.9134340164 -31.4061064356
-47.2896783456 31.5815310392
-9.09318438592 -33.3021443595
6.47899765569 33.6584653644
44.4074377381 -30.3432448835
53.6295603439 30.0075905362
96.8207440015 -31.3542451263
101.432244718 30.1858704812
144.558595573 -32.119673242
155.301197398 31.0921915948
190.658399578 -32.6636918131
207.218379034 31.7511075427
241.088066515 -30.2134808135
253.976703063 33.4423845877
292.903626558 -31.1640457202
300.190442174 30.9461664491
342.776437053 -30.7491756087
353.520689512 31.5851551056
391.65490333 -34.4368234642
404.776442573 31.4671583288
443.91785444 -34.2126891333
455.030524855 33.4240381028
499.152969398 -31.4524517018
500.84585572 33.2988541921
540.994215845 -34.4038385299
556.886287439 31.4366041298
593.161080772 -34.3418586378
606.338699116 30.0567625388
647.488886012 -31.9548701697
659.191689125 30.342278669
699.654583709 -30.0554549786
709.898004521 30.012292475
749.13473288 -31.9148258736
758.145142413 30.7841184815
797.541933314 -31.9236160973
801.390213219 30.2648733439
848.370725796 -31.9197682231
856.84012572 30.7439560173
894.163865833 -30.347582698
908.032045932 34.6361838666
940.815303768 -30.6032588689
954.858067082 34.7343361583
993.134461241 -33.7712205979
1008.26947069 34.789668336
1047.95328759 -33.3778264515
1053.24751386 30.6626844607
1095.00492355 -34.1538088657
1109.7215124 30.252328379
1148.08383744 -30.9757010186
1154.5020665 30.8599538012
1190.72049314 -34.2755651892
1201.57562062 30.8702616713
1249.33200967 -31.6363957345
1250.9107534 30.2871798031
1294.09426878 -34.1886401185
1300.74191821 31.4781616967
1341.17536344 -30.3417896927
1351.90584842 32.6915093757
1391.30402793 -34.0409695473
1409.43032791 33.4517253834
1447.11786302 -30.5763374776
1457.65587524 33.605412346
1494.82529488 -33.3897193518
1508.14982104 31.7995708121
1545.63248692 -31.8265661143
1551.30073208 32.6174904125
1598.0102404 -32.7853638255
1601.26080745 31.8826076608
1649.41074058 -32.1481860827
1655.99244285 32.8804184222
1692.52372174 -33.3971313753
1703.46157979 32.1970584153
1743.41172492 -30.718760096
1755.37263213 32.1639341947
1792.78545151 -33.7739213594
1805.82232181 33.2548321058
1847.62353804 -32.7348298671
1856.4119829 31.4675934584
1893.88188692 -31.4113198597
1909.96346796 30.9028252822
1941.82251691 -34.0950630366
1955.7988851 34.8333294658
1999.74271778 -30.7997424338
2002.85720099 30.8235650323
2042.56625033 -31.1881429112
2053.5195853 32.5216577318
2090.98187058 -33.1582998862
2109.64988416 33.1374005308
2144.76607836 -30.551437422
2150.68059089 34.4381080147
2192.16623689 -33.6098591713
2208.86614362 33.8247890267
2240.19813844 -31.503107329
2258.55440328 30.2742675992
2292.37364687 -31.5850870361
2307.43710471 31.8861075143
2346.67996713 -33.0507433661
2352.84287594 31.0688054785
2391.12989118 -34.422103128
2400.77876404 30.4526105292
2441.56146094 -34.855632734
2454.00203466 33.8127440022
2499.76788493 -31.1177204064
2503.46060913 32.4792189585
2543.13111958 -33.2570173399
2550.34821795 34.2324819453
2595.96263586 -34.3664060929
2604.89754997 33.1837960504
2649.74477826 -34.5840627135
2657.78273945 33.9940484326
2696.70445613 -33.287702953
2703.55888052 32.1805234933
2746.52317369 -33.1974853467
2759.79376103 31.7976706211
2793.05950931 -34.2998961567
2805.342996 32.0563272036
2841.6958407 -34.2516172842
2852.60358543 30.22441558
2899.21172854 -32.309857544
2901.25340903 31.2289691905
2940.28030433 -34.7320668897
2950.06838252 33.0968691969
2995.61687417 -33.9019207812
3002.16508504 31.0506483104
3044.83537176 -33.0907138851
3052.22810486 31.9818428179
3094.43786013 -31.9993914324
3106.60276675 33.2925744889
3142.27001597 -30.6077242326
3151.57739881 30.9850307126
3197.23479681 -30.7683847146
3208.57017183 34.76059029
3242.08570342 -30.5763443605
3255.03579367 34.1780085812
3291.28181423 -33.2572417521
3305.46352051 32.1549704868
3347.86435138 -32.3502970704
3357.07837428 31.9032113107
3396.13733277 -34.3581314542
3407.32607521 31.3045181587
3444.24936339 -31.1953072305
3452.93391079 30.8333490237
3497.64511436 -34.8649566246
3509.58407728 32.3264727399
3549.38594634 -33.612509764
3554.04915663 33.2944543614
3591.29591001 -34.3182419964
3608.0638919 30.8120126261
3643.61295058 -34.2723279482
3654.44671661 34.3679762209
3691.12187735 -33.655386435
3700.03076097 31.9334372497
3745.48549281 -33.2210586601
3752.21174814 31.0969195592
3793.56206933 -32.1040200117
3808.72877615 33.1126546545
3844.62448415 -34.4208171234
3859.72154203 33.4409061989
3895.53575857 -31.4437738254
3904.98417746 33.1903088425
3945.61761869 -33.7959786234
3953.22137836 33.6240114444
3992.88230887 -30.9420469206
4004.95973268 32.5717057249
4049.68578834 -30.5977058225
4050.83293244 30.469131204
4095.47453465 -33.2028959614
4101.35048946 31.7216503297
4141.91716736 -31.896837995
4153.17606882 30.6262690315
4199.33400347 -33.9514170448
4206.93032288 34.0574680672
4249.88384708 -34.2536175148
4254.21640794 32.7944927362
4299.61447791 -33.7736427477
4304.65393926 34.3438371275
4346.6411881 -30.0019687639
4355.78215097 32.6407098339
4397.92546705 -30.0016488874
4401.22581417 31.7800510015
4440.25469262 -31.9982577683
4456.06338271 34.222303435
4495.70779025 -31.872381262
4505.77252655 34.9239029007
4548.65585631 -32.4778918489
4553.91523794 33.4923170403
4597.15541177 -33.7185719257
4609.47821613 31.3411031219
4648.06855103 -34.5883288971
4653.7834401 34.9242077961
4695.49751492 -32.7045932558
4706.23892169 31.8601107402
4741.08385642 -31.3030487157
4759.29363218 33.7806345353
4797.03294339 -32.8200188871
4802.17632247 30.6377714364
4843.35066423 -30.169843847
4859.69174758 33.4396501984
4895.89673364 -31.7815517302
4909.39513162 31.3510328707
4943.56351019 -31.1976833677
4951.17430109 34.690495294
4999.56440704 -30.9975979834
5001.37656831 34.3596854392
5042.28463894 -30.161018414
5055.30559973 32.6995062658
5090.60080724 -34.8212725904
5107.32509276 32.097221248
5143.71821418 -33.7347945773
5158.89933248 30.9289307258
5191.77311402 -33.4455321586
5206.99813363 34.6505530129
5243.00729136 -33.2952752675
5253.082852 30.2900658619
5290.96328955 -30.178408735
5301.20423597 32.0551504466
5343.32972118 -34.3474898389
5358.76450304 33.7110361321
5394.95891547 -31.4310747656
5403.75898379 33.3325305339
5446.77244903 -30.0490752824
5451.78242111 31.3257119475
5493.46710557 -30.8463608431
5509.78437826 33.2500144974
5543.22282138 -30.8547396288
5557.86116427 32.4089888629
5599.44324902 -32.7516923024
5600.0493312 31.9927695063
5640.7529997 -30.0202617846
5659.81944224 34.4977987347
5699.28060362 -32.1903870923
5702.34778561 32.1946337054
5747.53094629 -33.2005834649
5752.80422945 30.5229198548
5799.46610718 -30.6969216304
5802.38883432 33.7307715783
5846.85914224 -34.6415262512
5850.41088397 33.1200514056
5895.25080981 -31.4226804061
5903.20201826 32.1256146664
5941.11752217 -30.4053083509
5958.06627272 32.164355036
5996.13026902 -33.3753024139
6005.59428306 31.8611518977
6043.94133615 -34.5434359345
6051.27505731 31.3754998494
6092.61442252 -34.1624341224
6103.66176766 31.1774407948
6143.53499375 -31.1850724677
6158.89931709 32.9027298825
6198.28784876 -31.0929125902
6202.69337662 30.20205102
6246.32679827 -33.0842136007
6256.5578455 30.7711874987
6295.78047611 -31.2421235148
6305.35525991 33.0036371515
6342.32847888 -33.2155340918
6359.05090903 33.6255668979
6392.55674591 -31.851910676
6408.26048454 30.6591703991
6444.67964978 -33.6859788392
6454.58217549 34.5614056222
6493.55220229 -34.5995432363
6506.38679599 32.1634107578
6548.33443951 -31.747682628
6559.40425326 33.192394826
6599.69219366 -30.9889034402
6601.650594 32.0759858551
6645.55973296 -31.5030837721
6655.29352816 33.5615413446
6692.06463271 -34.0663219862
6701.81866066 31.6732524986
6746.09098597 -30.7537419267
6754.98399651 32.7468598053
6797.09685898 -30.8871918231
6803.86543953 30.4361326226
6849.46593886 -30.3744921038
6856.41763314 33.1800281955
6896.44001818 -34.005423632
6902.71995512 31.7320316278
6944.95164311 -34.5725386757
6953.03042033 33.6876773876
6991.72810439 -33.8843581845
7008.60192954 33.699764236
7044.63654098 -32.7307056413
7056.82253902 31.6672113681
7090.88951963 -30.228531395
7105.17982167 33.4920357923
7147.95451661 -34.8632983174
7150.80568196 31.7506886907
