18.5164 7.5593
37.0328 15.1186
55.5492 22.6779
74.0656 30.2372
92.5820 37.7966
111.0984 45.3559
129.6147 52.9152
148.1311 60.4745
166.6475 68.0338
185.1639 75.5931
203.6803 83.1524
222.1967 90.7117
240.7131 98.2711
259.2295 105.8304
277.7459 113.3897
296.2623 120.9490
314.7787 128.5083
333.2951 136.0676
351.8115 143.6269
370.3279 151.1862
388.8442 158.7457
407.3587 166.3095
425.8678 173.8867
444.3677 181.4864
462.8544 189.1180
481.3241 196.7906
499.7729 204.5135
518.1967 212.2957
536.5914 220.1465
554.9528 228.0748
573.2765 236.0898
591.5582 244.2002
609.7931 252.4152
627.9766 260.7434
646.1037 269.1937
664.1693 277.7746
682.1681 286.4948
700.0946 295.3626
717.9431 304.3864
735.7076 313.5744
753.3819 322.9347
770.9596 332.4751
788.4341 342.2035
805.7982 352.1273
823.0449 362.2539
840.1664 372.5905
857.1551 383.1441
874.0028 393.9214
890.7010 404.9288
907.2410 416.1726
923.6137 427.6586
939.8096 439.3925
955.8191 451.3795
971.6320 463.6246
987.2379 476.1325
1002.6261 488.9071
1017.7855 501.9525
1032.7047 515.2719
1047.3720 528.8682
1061.7752 542.7439
1075.9020 556.9008
1089.7432 571.3372
1103.2928 586.0476
1116.5455 601.0259
1129.4961 616.2663
1142.1393 631.7627
1154.4700 647.5088
1166.4834 663.4983
1178.1766 679.7235
1189.5524 696.1727
1200.6149 712.8344
1211.3685 729.6970
1221.8181 746.7497
1231.9690 763.9820
1241.8267 781.3836
1251.3972 798.9448
1260.6869 816.6562
1269.7022 834.5089
1278.4500 852.4941
1286.9375 870.6037
1295.1719 888.8297
1303.1608 907.1646
1310.9121 925.6014
1318.4337 944.1330
1325.7337 962.7530
1332.8205 981.4552
1339.7025 1000.2338
1346.3883 1019.0831
1352.8866 1037.9979
1359.2064 1056.9731
1365.3565 1076.0039
1371.3460 1095.0860
1377.1840 1114.2149
1382.8798 1133.3866
1388.4427 1152.5974
1393.8820 1171.8435
1399.2071 1191.1215
1404.4275 1210.4282
1409.5527 1229.7603
1414.5923 1249.1149
1419.5558 1268.4892
1424.4529 1287.8804
1429.2931 1307.2859
1434.0863 1326.7030
1438.8421 1346.1293
1443.5701 1365.5625
1448.2801 1384.9999
1452.9817 1404.4394
1457.6824 1423.8792
1462.3831 1443.3189
1467.0837 1462.7587
1471.7844 1482.1984
1476.4850 1501.6382
1481.1857 1521.0779
1485.8863 1540.5177
1490.5870 1559.9574
1495.2877 1579.3972
1499.9883 1598.8369
1504.6890 1618.2767
1509.3896 1637.7164
1514.0903 1657.1562
1518.7910 1676.5959
1523.4916 1696.0357
1528.1923 1715.4754
1532.8929 1734.9152
1537.5936 1754.3549
1542.2942 1773.7947
1546.9949 1793.2344
1551.6963 1812.6740
1556.4028 1832.1123
1561.1194 1851.5482
1565.8513 1870.9804
1570.6038 1890.4075
1575.3821 1909.8283
1580.1911 1929.2415
1585.0363 1948.6458
1589.9226 1968.0397
1594.8553 1987.4218
1599.8394 2006.7908
1604.8802 2026.1452
1609.9827 2045.4833
1615.1520 2064.8037
1620.3932 2084.1047
1625.7114 2103.3847
1631.1116 2122.6418
1636.5989 2141.8743
1642.1782 2161.0803
1647.8546 2180.2579
1653.6330 2199.4049
1659.5183 2218.5193
1665.5155 2237.5990
1671.6295 2256.6415
1677.8649 2275.6446
1684.2268 2294.6058
1690.7197 2313.5224
1697.3486 2332.3919
1704.1179 2351.2114
1711.0324 2369.9781
1718.0966 2388.6889
1725.3151 2407.3407
1732.6923 2425.9304
1740.2326 2444.4544
1747.9404 2462.9094
1755.8199 2481.2918
1763.8753 2499.5977
1772.1108 2517.8233
1780.5303 2535.9647
1789.1379 2554.0175
1797.9374 2571.9776
1806.9325 2589.8405
1816.1270 2607.6017
1825.5243 2625.2563
1835.1280 2642.7995
1844.9413 2660.2263
1854.9675 2677.5315
1865.2096 2694.7098
1875.6705 2711.7557
1886.3532 2728.6636
1897.2595 2745.4280
1908.3883 2762.0456
1919.7377 2778.5133
1931.3057 2794.8282
1943.0902 2810.9874
1955.0890 2826.9881
1967.3002 2842.8273
1979.7214 2858.5024
1992.3505 2874.0104
2005.1853 2889.3487
2018.2234 2904.5145
2031.4607 2919.5067
2044.8913 2934.3262
2058.5088 2948.9739
2072.3073 2963.4514
2086.2808 2977.7600
2100.4235 2991.9014
2114.7296 3005.8775
2129.1936 3019.6902
2143.8098 3033.3416
2158.5730 3046.8340
2173.4778 3060.1698
2188.5191 3073.3514
2203.6918 3086.3816
2218.9909 3099.2632
2234.4116 3111.9989
2249.9491 3124.5919
2265.5989 3137.0451
2281.3562 3149.3619
2297.2168 3161.5454
2313.1763 3173.5992
2329.2304 3185.5266
2345.3750 3197.3313
2361.6060 3209.0169
2377.9195 3220.5870
2394.3116 3232.0456
2410.7785 3243.3963
2427.3164 3254.6433
2443.9219 3265.7904
2460.5912 3276.8417
2477.3210 3287.8013
2494.1079 3298.6734
2510.9484 3309.4620
2527.8394 3320.1715
2544.7776 3330.8062
2561.7599 3341.3704
2578.7832 3351.8683
2595.8444 3362.3045
2612.9406 3372.6833
2630.0688 3383.0093
2647.2261 3393.2868
2664.4097 3403.5203
2681.6166 3413.7145
2698.8442 3423.8737
2716.0896 3434.0027
2733.3501 3444.1059
2750.6230 3454.1880
2767.9055 3464.2535
2785.1950 3474.3070
2802.4887 3484.3532
2819.7841 3494.3966
2837.0796 3504.4399
2854.3750 3514.4831
2871.6705 3524.5263
2888.9660 3534.5696
2906.2615 3544.6128
2923.5569 3554.6560
2940.8524 3564.6993
2958.1479 3574.7425
2975.4434 3584.7857
2992.7388 3594.8290
3010.0343 3604.8722
3027.3298 3614.9154
3044.6253 3624.9587
3061.9207 3635.0019
3079.2162 3645.0452
3096.5117 3655.0884
3113.8072 3665.1316
3131.1026 3675.1749
3148.3981 3685.2181
3165.6936 3695.2613
3182.9891 3705.3046
3200.2845 3715.3478
3217.5800 3725.3910
3234.8755 3735.4343
3252.1710 3745.4775
3269.4664 3755.5207
3286.7614 3765.5649
3304.0521 3775.6163
3321.3335 3785.6837
3338.6006 3795.7757
3355.8482 3805.9010
3373.0712 3816.0679
3390.2644 3826.2852
3407.4225 3836.5614
3424.5402 3846.9047
3441.6119 3857.3237
3458.6321 3867.8266
3475.5951 3878.4217
3492.4951 3889.1170
3509.3259 3899.9207
3526.0816 3910.8407
3542.7557 3921.8848
3559.3418 3933.0606
3575.8332 3944.3758
3592.2229 3955.8376
3608.5039 3967.4534
3624.6688 3979.2302
3640.7100 3991.1749
3656.6198 4003.2940
3672.3901 4015.5942
3688.0126 4028.0814
3703.4788 4040.7618
3718.7798 4053.6410
3733.9065 4066.7244
3748.8496 4080.0172
3763.5994 4093.5241
3778.1460 4107.2496
3792.4791 4121.1978
3806.5883 4135.3725
3820.4629 4149.7770
3834.0916 4164.4142
3847.4632 4179.2866
3860.5662 4194.3963
3873.3885 4209.7447
3885.9181 4225.3331
3898.1425 4241.1619
3910.0500 4257.2304
3921.6338 4273.5339
3932.8892 4290.0658
3943.8117 4306.8194
3954.3970 4323.7882
3964.6410 4340.9651
3974.5442 4358.3408
3984.1115 4375.9037
3993.3480 4393.6428
4002.2595 4411.5473
4010.8521 4429.6072
4019.1323 4447.8124
4027.1066 4466.1536
4034.7821 4484.6219
4042.1660 4503.2087
4049.2660 4521.9059
4056.0897 4540.7056
4062.6452 4559.6006
4068.9404 4578.5838
4074.9840 4597.6487
4080.7842 4616.7890
4086.3498 4635.9989
4091.6897 4655.2727
4096.8126 4674.6054
4101.7278 4693.9919
4106.4443 4713.4278
4110.9713 4732.9086
4115.3183 4752.4304
4119.4945 4771.9894
4123.5096 4791.5822
4127.3730 4811.2055
4131.0943 4830.8562
4134.6832 4850.5315
4138.1494 4870.2288
4141.5026 4889.9457
4144.7524 4909.6799
4147.9088 4929.4292
4150.9816 4949.1918
4153.9805 4968.9656
4156.9154 4988.7491
4159.7963 5008.5405
4162.6328 5028.3384
4165.4351 5048.1411
4168.2128 5067.9472
4170.9760 5087.7554
4173.7344 5107.5643
4176.4925 5127.3732
