-1.0 -0.225 -0.15 -0.075 0 -0.075 -0.15 -0.225 
1689.848 -0.225 -0.15 -0.075 0 -0.075 -0.15 -0.225 
1809.848 0.225 0.15 0.075 0 -0.075 -0.15 -0.225 
1839.848 0.3375 0.225 0.1125 0 -0.1125 -0.225 -0.3375 
1899.848 0.5625 0.375 0.1875 0 -0.1875 -0.375 -0.5625 
2155.953 0.5625 0.375 0.1875 0 -0.1875 -0.375 -0.5625 
2215.953 0.3375 0.225 0.1125 0 -0.1125 -0.225 -0.3375 
2245.953 0.225 0.15 0.075 0 -0.075 -0.15 -0.225 
2365.953 -0.225 -0.15 -0.075 0 -0.075 -0.15 -0.225 
4315.311 -0.225 -0.15 -0.075 0 -0.075 -0.15 -0.225 
