-1.0 -0.225 -0.15 -0.075 0 -0.075 -0.15 -0.225 
1701.841 -0.225 -0.15 -0.075 0 -0.075 -0.15 -0.225 
1821.841 -0.225 -0.15 -0.075 0 0.075 0.15 0.225 
1851.841 -0.3375 -0.225 -0.1125 0 0.1125 0.225 0.3375 
1911.841 -0.5625 -0.375 -0.1875 0 0.1875 0.375 0.5625 
2145.457 -0.5625 -0.375 -0.1875 0 0.1875 0.375 0.5625 
2205.457 -0.3375 -0.225 -0.1125 0 0.1125 0.225 0.3375 
2235.457 -0.225 -0.15 -0.075 0 0.075 0.15 0.225 
2355.457 -0.225 -0.15 -0.075 0 -0.075 -0.15 -0.225 
4304.621 -0.225 -0.15 -0.075 0 -0.075 -0.15 -0.225 
