-1.0 -11.25 -7.5 -3.75 0 3.75 7.5 11.25
1752.966 -11.25 -7.5 -3.75 0 3.75 7.5 11.25
1872.966 -11.25 -7.5 -3.75 0 3.75 7.5 11.25
1902.966 -11.25 -7.5 -3.75 0 3.75 7.5 11.25
1962.966 -11.25 -7.5 -3.75 0 3.75 7.5 11.25
1992.966 -11.25 -7.5 -3.75 0 3.75 7.5 11.25
2067.317 -11.25 -7.5 -3.75 0 3.75 7.5 11.25
2097.317 -11.25 -7.5 -3.75 0 3.75 7.5 11.25
2157.317 -11.25 -7.5 -3.75 0 3.75 7.5 11.25
2187.317 -11.25 -7.5 -3.75 0 3.75 7.5 11.25
2307.317 -11.25 -7.5 -3.75 0 3.75 7.5 11.25
4307.606 -11.25 -7.5 -3.75 0 3.75 7.5 11.25
