-1.0 -11.25 -7.5 -3.75 0 3.75 7.5 11.25
1745.147 -11.25 -7.5 -3.75 0 3.75 7.5 11.25
1865.147 -11.25 -7.5 -3.75 0 3.75 7.5 11.25
1895.147 -11.25 -7.5 -3.75 0 3.75 7.5 11.25
1955.147 -11.25 -7.5 -3.75 0 3.75 7.5 11.25
1985.147 -11.25 -7.5 -3.75 0 3.75 7.5 11.25
2074.115 -11.25 -7.5 -3.75 0 3.75 7.5 11.25
2104.115 -11.25 -7.5 -3.75 0 3.75 7.5 11.25
2164.115 -11.25 -7.5 -3.75 0 3.75 7.5 11.25
2194.115 -11.25 -7.5 -3.75 0 3.75 7.5 11.25
2314.115 -11.25 -7.5 -3.75 0 3.75 7.5 11.25
4318.772 -11.25 -7.5 -3.75 0 3.75 7.5 11.25
