-1.0 -0.225 -0.15 -0.075 0 -0.075 -0.15 -0.225 
1752.966 -0.225 -0.15 -0.075 0 -0.075 -0.15 -0.225 
1872.966 -0.225 -0.15 -0.075 0 0.075 0.15 0.225 
1902.966 -0.3375 -0.225 -0.1125 0 0.1125 0.225 0.3375 
1962.966 -0.5625 -0.375 -0.1875 0 0.1875 0.375 0.5625 
1992.966 -0.675 -0.45 -0.225 0 0.225 0.45 0.675 
2067.317 -0.675 -0.45 -0.225 0 0.225 0.45 0.675 
2097.317 -0.5625 -0.375 -0.1875 0 0.1875 0.375 0.5625 
2157.317 -0.3375 -0.225 -0.1125 0 0.1125 0.225 0.3375 
2187.317 -0.225 -0.15 -0.075 0 0.075 0.15 0.225 
2307.317 -0.225 -0.15 -0.075 0 -0.075 -0.15 -0.225 
4307.606 -0.225 -0.15 -0.075 0 -0.075 -0.15 -0.225 
