-1.0 -0.225 -0.15 -0.075 0 -0.075 -0.15 -0.225 
1745.147 -0.225 -0.15 -0.075 0 -0.075 -0.15 -0.225 
1865.147 0.225 0.15 0.075 0 -0.075 -0.15 -0.225 
1895.147 0.3375 0.225 0.1125 0 -0.1125 -0.225 -0.3375 
1955.147 0.5625 0.375 0.1875 0 -0.1875 -0.375 -0.5625 
1985.147 0.675 0.45 0.225 0 -0.225 -0.45 -0.675 
2074.115 0.675 0.45 0.225 0 -0.225 -0.45 -0.675 
2104.115 0.5625 0.375 0.1875 0 -0.1875 -0.375 -0.5625 
2164.115 0.3375 0.225 0.1125 0 -0.1125 -0.225 -0.3375 
2194.115 0.225 0.15 0.075 0 -0.075 -0.15 -0.225 
2314.115 -0.225 -0.15 -0.075 0 -0.075 -0.15 -0.225 
4318.772 -0.225 -0.15 -0.075 0 -0.075 -0.15 -0.225 
