-102.275099413 -30.249954202
-96.4753541416 34.9923947168
-55.6402189263 -33.4228986282
-41.7197601817 33.4368867584
-1.81286583258 -32.0058412755
7.07176685473 32.3896945425
41.4582360995 -33.4472354365
57.5306151971 34.4890591512
90.5176270782 -33.4275449552
104.357175461 33.5480069774
145.328197942 -31.4392677206
152.778545771 33.0685254674
195.635694505 -31.3016588237
204.331809781 33.9220342844
245.139579497 -32.7901840893
255.776917097 31.1678893444
299.240199808 -32.4127734356
303.736349741 33.6181610519
340.725996584 -34.7176817287
358.823557932 30.3101426012
394.054621151 -31.5606307852
409.471522491 30.1736386302
445.819336756 -33.5722047615
454.590199417 34.282791764
496.118924108 -31.4138536667
504.560410707 34.1553312264
540.678267985 -32.951686581
557.80398312 31.9678422342
599.145967839 -34.9801364624
606.950679556 32.7819387943
642.057064724 -31.8761543989
658.803376821 34.1456581763
692.342720054 -31.3196558475
708.244216044 30.3890922267
747.606235667 -33.6572951759
753.37494704 33.563289808
796.034466262 -34.4154336039
802.033351089 31.8191647562
846.46605855 -31.515100165
858.340299271 30.4140687664
893.628860057 -31.4085008215
902.484056809 32.9673285922
941.132913377 -30.018716566
956.181300875 33.9368197435
994.72366775 -30.1922384439
1000.9120274 32.7796048874
1040.7091713 -32.0453719228
1053.91438052 30.9214569411
1099.38832061 -30.6214678159
1108.91502165 32.7187935549
1146.200394 -34.7933545499
1153.71256925 33.2080988944
1197.46982913 -34.1301412666
1207.50538397 33.826775846
1249.17843027 -32.6492573914
1256.78969401 32.4151050161
1295.91073068 -31.2918904686
1305.79984768 30.1603580728
1340.57217875 -31.0585520626
1357.47222199 34.7104608228
1395.15743772 -32.1269466702
1405.22590154 33.0280650641
1449.55185609 -30.3218801087
1451.92634439 31.3390954023
1495.67141879 -34.301059034
1502.8151189 30.6423622566
1549.51437322 -33.0120502967
1554.09999141 34.122553828
1599.73513503 -32.5509838921
1607.36095301 30.6566343531
1643.95519693 -31.6320515098
1655.02310836 32.881764919
1692.24178025 -31.6981545774
1704.05214888 33.4693764939
1743.33134644 -31.020561935
1752.0735517 32.6639699801
1790.17988641 -31.862685656
1806.05366519 31.4011132725
1842.65029707 -33.1956112078
1855.66025568 32.8367091956
1898.50828651 -31.3471919846
1903.73874905 32.0100214239
1944.60329826 -33.3201144997
1956.00056488 32.5571724511
1998.59330771 -30.400509912
2005.47932671 32.0438456151
2044.58309911 -32.1453121735
2057.50725103 30.5395465258
2096.80649743 -31.0814510333
2105.99413211 31.8609940916
2145.62098758 -33.0631996579
2159.84406559 30.0642685122
2190.69947209 -34.5529576393
2206.07928766 33.3137855819
2245.59346132 -33.8881559664
2253.16258396 30.26840537
2292.71336298 -31.0700240283
2300.01741847 30.7258527673
2345.72692395 -33.2859806783
2354.96245204 33.7985755595
2392.74988764 -32.9932647515
2406.96886837 33.2288206196
2444.34746616 -31.7515961542
2451.19034303 32.9931707401
2490.39884759 -31.1216501766
2509.64204896 32.6123582534
2544.03684537 -33.3844080893
2559.07700755 33.1227770087
2599.68303954 -34.7896413159
2604.35416375 30.6427724487
2643.5671538 -34.4396757575
2658.51600155 30.0801305312
2693.23059404 -31.7686507417
2707.01992646 31.6241255027
2744.75634452 -31.7523798118
2757.82611925 31.6362250548
2796.48304786 -34.6679743868
2803.99485491 33.0804443461
2841.33971757 -31.2139287965
2854.59327594 34.1200594798
2890.77957807 -30.9793521007
2906.18265978 31.8310510097
2940.57825621 -31.456410641
2952.76527427 32.1674501327
2990.84585406 -34.7661032491
3007.20928504 30.8165185541
3049.91589837 -31.0461361577
3050.19402136 34.4434204889
3098.16051783 -31.8301417914
3104.2427588 34.1704552596
3141.88720139 -33.5206188318
3159.42662763 33.4596746722
3192.18572943 -30.7168810109
3200.7855621 34.195466446
3245.22959909 -32.0319804226
3255.45543296 33.7188426016
3292.11381113 -33.8372674733
3304.72974985 31.9902834956
3342.1762849 -33.197993534
3355.51561805 34.5263125237
3393.02274321 -30.5509332804
3408.69783609 34.8343020368
3446.92842593 -32.8280855207
3453.0606201 33.9063023188
3497.55446556 -33.8665479886
3504.32010836 34.7218803015
3547.42878081 -32.6943087512
3551.64235918 32.9526087687
3595.11644518 -34.0873822459
3601.80433897 32.5687654172
3643.78065696 -30.3870503392
3655.20083611 34.6108851899
3697.49236928 -34.7957991332
3709.77046456 32.2576035907
3745.72660316 -33.0487599078
3750.80460611 33.4257035197
3794.25728529 -32.3915831384
3809.71942925 33.3876572009
3849.4412145 -32.680850262
3858.76326455 34.174821683
3891.16104202 -32.9599554723
3905.94342941 30.4184922544
3947.81551159 -31.8008658688
3950.26793417 31.0474374696
3999.33171234 -34.4498572457
4009.62753079 34.65563452
4049.69327895 -30.5097703981
4051.19236797 32.8863354116
4094.11652461 -34.3224726239
4101.18805458 31.8211228361
4147.46159274 -34.3074198031
4158.01256136 30.7597335968
4193.15953042 -31.7405505057
4207.15264689 32.3191298414
4244.27245155 -30.6212549458
4256.76707513 32.7388990078
4291.92330474 -33.0292769374
4303.93920695 34.4390916251
4342.84851466 -34.4879170742
4356.04867866 31.383457262
