0 0
5.1851 19.3162
10.3702 38.6324
15.5553 57.9485
20.7403 77.2647
25.9254 96.5809
31.1105 115.8971
36.2956 135.2133
41.4807 154.5295
46.6658 173.8456
51.8509 193.1618
57.0360 212.4780
62.2210 231.7942
67.4061 251.1104
72.5912 270.4265
77.7763 289.7427
82.9614 309.0589
88.1465 328.3751
93.3316 347.6913
98.5166 367.0075
103.7017 386.3236
108.8868 405.6398
114.0719 424.9560
119.2570 444.2722
124.4421 463.5884
129.6272 482.9045
134.8123 502.2207
139.9973 521.5369
145.1824 540.8531
150.3675 560.1693
155.5526 579.4855
160.7317 598.8032
165.8528 618.1365
170.9035 637.4882
175.8838 656.8582
180.7936 676.2462
185.6330 695.6518
190.4017 715.0750
195.0997 734.5154
199.7270 753.9727
204.2836 773.4467
208.7693 792.9372
213.1840 812.4438
217.5279 831.9664
221.8007 851.5046
226.0024 871.0583
230.1330 890.6271
234.1924 910.2107
238.1806 929.8091
242.0975 949.4218
245.9430 969.0486
249.7172 988.6892
253.4198 1008.3435
257.0510 1028.0111
260.6107 1047.6917
264.0988 1067.3852
267.5152 1087.0912
270.8600 1106.8095
274.1330 1126.5399
277.3342 1146.2820
280.4637 1166.0357
283.5213 1185.8005
286.5070 1205.5764
289.4208 1225.3630
292.2626 1245.1601
295.0324 1264.9673
297.7301 1284.7845
300.3558 1304.6114
302.9093 1324.4477
305.3907 1344.2932
307.8000 1364.1475
310.1370 1384.0105
312.4017 1403.8819
314.5942 1423.7613
316.7144 1443.6486
318.7623 1463.5435
320.7378 1483.4457
322.6409 1503.3549
324.4716 1523.2709
326.2299 1543.1935
327.9157 1563.1223
329.5290 1583.0571
331.0699 1602.9976
332.5382 1622.9437
333.9339 1642.8949
335.2572 1662.8511
336.5078 1682.8119
337.6858 1702.7772
338.7913 1722.7466
339.8241 1742.7199
340.7843 1762.6968
341.6718 1782.6771
342.4866 1802.6605
343.2288 1822.6467
343.8983 1842.6355
344.4952 1862.6266
345.0193 1882.6197
345.4707 1902.6146
345.8494 1922.6110
346.1554 1942.6086
346.3887 1962.6073
346.5492 1982.6066
346.6370 2002.6064
346.6521 2022.6064
346.5945 2042.6063
346.4641 2062.6059
346.2610 2082.6048
345.9852 2102.6029
345.6367 2122.5998
345.2154 2142.5954
344.7215 2162.5893
344.1548 2182.5812
343.5155 2202.5710
342.8035 2222.5583
342.0188 2242.5429
341.1614 2262.5245
340.2314 2282.5029
339.2287 2302.4777
338.1534 2322.4488
337.0055 2342.4158
335.7850 2362.3785
334.4919 2382.3366
333.1262 2402.2900
331.6880 2422.2382
330.1772 2442.1810
328.5940 2462.1182
326.9383 2482.0496
325.2101 2501.9748
323.4094 2521.8935
321.5363 2541.8056
319.5909 2561.7107
317.5730 2581.6087
315.4829 2601.4992
313.3204 2621.3819
311.0856 2641.2566
308.7786 2661.1231
306.3993 2680.9811
303.9478 2700.8303
301.4242 2720.6704
298.8285 2740.5012
296.1606 2760.3225
293.4207 2780.1339
290.6088 2799.9352
287.7249 2819.7262
284.7690 2839.5066
281.7413 2859.2760
278.6416 2879.0344
275.4702 2898.7813
272.2269 2918.5166
268.9119 2938.2399
265.5252 2957.9511
262.0669 2977.6498
258.5369 2997.3358
254.9354 3017.0088
251.2624 3036.6687
247.5179 3056.3150
243.7020 3075.9476
239.8147 3095.5662
235.8561 3115.1705
231.8263 3134.7603
227.7252 3154.3353
223.5530 3173.8952
219.3097 3193.4399
214.9953 3212.9690
210.6099 3232.4823
206.1537 3251.9795
201.6265 3271.4604
197.0286 3290.9246
192.3599 3310.3721
187.6205 3329.8024
182.8124 3349.2159
177.9835 3368.6241
173.1546 3388.0324
168.3257 3407.4407
163.4968 3426.8490
158.6679 3446.2573
153.8390 3465.6656
149.0101 3485.0739
144.1812 3504.4822
139.3523 3523.8905
134.5234 3543.2988
129.6945 3562.7070
124.8656 3582.1153
120.0367 3601.5236
115.2078 3620.9319
110.3789 3640.3402
105.5500 3659.7485
100.7211 3679.1568
95.8922 3698.5651
91.0633 3717.9734
86.2344 3737.3817
81.4055 3756.7899
76.5766 3776.1982
71.7477 3795.6065
66.9188 3815.0148
62.0899 3834.4231
57.2610 3853.8314
52.4321 3873.2397
47.6032 3892.6480
42.7743 3912.0563
37.9454 3931.4646
33.1165 3950.8728
28.2876 3970.2811
23.4587 3989.6894
18.6298 4009.0977
13.8009 4028.5060
8.9720 4047.9143
4.1431 4067.3226
-0.6858 4086.7309
-5.5147 4106.1392
-10.3436 4125.5475
-15.1725 4144.9557
-20.0014 4164.3640
-24.8303 4183.7723
