0 0
5.1851 19.3162
10.3702 38.6324
15.5553 57.9485
20.7403 77.2647
25.9254 96.5809
31.1105 115.8971
36.2956 135.2133
41.4807 154.5295
46.6658 173.8456
51.8509 193.1618
57.0360 212.4780
62.2210 231.7942
67.4061 251.1104
72.5912 270.4265
77.7763 289.7427
82.9614 309.0589
88.1465 328.3751
93.3316 347.6913
98.5166 367.0075
103.7017 386.3236
108.8868 405.6398
114.0719 424.9560
119.2570 444.2722
124.4421 463.5884
129.6272 482.9045
134.8118 502.2209
139.9942 521.5378
145.1725 540.8558
150.3447 560.1754
155.5089 579.4972
160.6632 598.8216
165.8057 618.1492
170.9343 637.4804
176.0472 656.8158
181.1424 676.1559
186.2180 695.5011
191.2721 714.8520
196.3027 734.2090
201.3078 753.5726
206.2856 772.9432
211.2340 792.3214
216.1512 811.7075
221.0351 831.1020
225.8838 850.5054
230.6954 869.9179
235.4679 889.3402
240.1994 908.7725
244.8877 928.2152
249.5311 947.6687
254.1276 967.1333
258.6750 986.6095
263.1716 1006.0974
267.6152 1025.5975
272.0040 1045.1100
276.3359 1064.6353
280.6089 1084.1735
284.8211 1103.7249
288.9704 1123.2897
293.0548 1142.8682
297.0724 1162.4605
301.0211 1182.0668
304.8990 1201.6872
308.7039 1221.3219
312.4340 1240.9710
316.0871 1260.6346
319.6612 1280.3126
323.1544 1300.0052
326.5646 1319.7123
329.8897 1339.4339
333.1277 1359.1700
336.2766 1378.9206
339.3344 1398.6854
342.2989 1418.4645
345.1682 1438.2575
347.9402 1458.0645
350.6134 1477.8850
353.1874 1497.7187
355.6622 1517.5649
358.0378 1537.4233
360.3140 1557.2934
362.4909 1577.1745
364.5683 1597.0663
366.5463 1616.9682
368.4247 1636.8798
370.2035 1656.8005
371.8827 1676.7299
373.4622 1696.6674
374.9421 1716.6126
376.3222 1736.5649
377.6025 1756.5238
378.7830 1776.4889
379.8636 1796.4597
380.8444 1816.4356
381.7253 1836.4162
382.5063 1856.4009
383.1873 1876.3893
383.7684 1896.3808
384.2496 1916.3750
384.6307 1936.3714
384.9119 1956.3694
385.0931 1976.3685
385.1743 1996.3683
385.1554 2016.3683
385.0366 2036.3679
384.8178 2056.3667
384.4990 2076.3642
384.0802 2096.3597
383.5615 2116.3530
382.9428 2136.3434
382.2241 2156.3305
381.4055 2176.3137
380.4870 2196.2926
379.4686 2216.2666
378.3504 2236.2353
377.1323 2256.1981
375.8145 2276.1547
374.3969 2296.1043
372.8795 2316.0467
371.2625 2335.9812
369.5458 2355.9073
367.7294 2375.8247
365.8136 2395.7327
363.7982 2415.6308
361.6833 2435.5187
359.4691 2455.3957
357.1554 2475.2614
354.7428 2495.1154
352.2327 2514.9572
349.6272 2534.7867
346.9284 2554.6038
344.1383 2574.4082
341.2590 2594.1998
338.2924 2613.9786
335.2407 2633.7444
332.1058 2653.4971
328.8898 2673.2369
325.5946 2692.9635
322.2225 2712.6772
318.7752 2732.3778
315.2549 2752.0656
311.6636 2771.7405
308.0034 2791.4027
304.2761 2811.0523
300.4838 2830.6895
296.6285 2850.3144
292.7123 2869.9272
288.7371 2889.5281
284.7049 2909.1174
280.6177 2928.6954
276.4775 2948.2621
272.2862 2967.8180
268.0460 2987.3634
263.7586 3006.8984
259.4262 3026.4235
255.0507 3045.9390
250.6341 3065.4453
246.1783 3084.9426
241.6852 3104.4314
237.1570 3123.9120
232.5955 3143.3849
228.0026 3162.8504
223.3805 3182.3089
218.7309 3201.7610
214.0559 3221.2069
209.3573 3240.6471
204.6373 3260.0822
199.8976 3279.5125
195.1403 3298.9384
190.3673 3318.3605
185.5806 3337.7793
180.7820 3357.1951
175.9735 3376.6084
171.1572 3396.0199
166.3348 3415.4298
161.5085 3434.8387
156.6800 3454.2471
151.8511 3473.6554
147.0222 3493.0637
142.1933 3512.4719
137.3644 3531.8802
132.5355 3551.2885
127.7066 3570.6968
122.8777 3590.1051
118.0488 3609.5134
113.2199 3628.9217
108.3910 3648.3300
103.5621 3667.7383
98.7332 3687.1466
93.9043 3706.5548
89.0754 3725.9631
84.2465 3745.3714
79.4176 3764.7797
74.5887 3784.1880
69.7598 3803.5963
64.9309 3823.0046
60.1020 3842.4129
55.2731 3861.8212
50.4442 3881.2295
45.6153 3900.6377
40.7864 3920.0460
35.9575 3939.4543
31.1286 3958.8626
26.2997 3978.2709
21.4708 3997.6792
16.6419 4017.0875
11.8130 4036.4958
6.9841 4055.9041
2.1552 4075.3124
-2.6737 4094.7206
-7.5026 4114.1289
-12.3315 4133.5372
-17.1604 4152.9455
-21.9893 4172.3538
