0 0
5.1851 19.3162
10.3702 38.6324
15.5553 57.9485
20.7403 77.2647
25.9254 96.5809
31.1105 115.8971
36.2956 135.2133
41.4807 154.5295
46.6658 173.8456
51.8509 193.1618
57.0360 212.4780
62.2210 231.7942
67.4061 251.1104
72.5912 270.4265
77.7763 289.7427
82.9614 309.0589
88.1465 328.3751
93.3316 347.6913
98.5166 367.0075
103.7017 386.3236
108.8868 405.6398
114.0719 424.9560
119.2570 444.2722
124.4421 463.5884
129.6272 482.9045
134.8123 502.2207
139.9973 521.5369
145.1824 540.8531
150.3675 560.1693
155.5526 579.4855
160.7377 598.8016
165.9228 618.1178
171.1079 637.4340
176.2929 656.7502
181.4780 676.0664
186.6631 695.3825
191.8482 714.6987
197.0333 734.0149
202.2184 753.3311
207.4035 772.6473
212.5886 791.9635
217.7736 811.2796
222.9587 830.5958
228.1438 849.9120
233.3284 869.2283
238.5099 888.5455
243.6847 907.8644
248.8495 927.1860
254.0007 946.5112
259.1351 965.8410
264.2490 985.1761
269.3392 1004.5175
274.4021 1023.8661
279.4342 1043.2227
284.4322 1062.5881
289.3926 1081.9632
294.3118 1101.3488
299.1865 1120.7456
304.0132 1140.1545
308.7883 1159.5761
313.5084 1179.0111
318.1700 1198.4602
322.7696 1217.9241
327.3037 1237.4034
331.7687 1256.8986
336.1612 1276.4103
340.4776 1295.9389
344.7143 1315.4850
348.8679 1335.0490
352.9347 1354.6311
356.9112 1374.2318
360.7938 1393.8513
364.5790 1413.4898
368.2631 1433.1475
371.8426 1452.8246
375.3138 1472.5210
378.6732 1492.2368
381.9171 1511.9720
385.0419 1531.7263
388.0440 1551.4997
390.9197 1571.2918
393.6655 1591.1024
396.2793 1610.9308
398.7608 1630.7763
401.1100 1650.6378
403.3267 1670.5145
405.4108 1690.4056
407.3623 1710.3101
409.1811 1730.2272
410.8670 1750.1560
412.4200 1770.0956
413.8401 1790.0450
415.1271 1810.0036
416.2811 1829.9702
417.3019 1849.9441
418.1896 1869.9243
418.9440 1889.9101
419.5652 1909.9004
420.0530 1929.8944
420.4076 1949.8912
420.6289 1969.8900
420.7168 1989.8897
420.6714 2009.8896
420.4927 2029.8888
420.1806 2049.8863
419.7353 2069.8813
419.1566 2089.8729
418.4447 2109.8602
417.5996 2129.8423
416.6212 2149.8183
415.5097 2169.7874
414.2652 2189.7486
412.8875 2209.7010
411.3769 2229.6439
409.7334 2249.5762
407.9570 2269.4971
406.0478 2289.4057
404.0060 2309.3012
401.8316 2329.1826
399.5247 2349.0491
397.0860 2368.8998
394.5186 2388.7343
391.8261 2408.5522
389.0121 2428.3532
386.0803 2448.1372
383.0344 2467.9038
379.8778 2487.6531
376.6142 2507.3850
373.2472 2527.0995
369.7804 2546.7968
366.2174 2566.4768
362.5618 2586.1399
358.8171 2605.7862
354.9869 2625.4160
351.0748 2645.0296
347.0843 2664.6274
343.0189 2684.2099
338.8823 2703.7774
334.6779 2723.3305
330.4093 2742.8696
326.0799 2762.3954
321.6933 2781.9084
317.2531 2801.4093
312.7626 2820.8987
308.2253 2840.3772
303.6449 2859.8456
299.0247 2879.3046
294.3682 2898.7550
289.6789 2918.1975
284.9603 2937.6329
280.2159 2957.0620
275.4490 2976.4856
270.6632 2995.9046
265.8618 3015.3197
261.0485 3034.7319
256.2265 3054.1419
251.3995 3073.5506
246.5706 3092.9589
241.7417 3112.3672
236.9128 3131.7755
232.0839 3151.1838
227.2550 3170.5921
222.4261 3190.0004
217.5972 3209.4087
212.7683 3228.8170
207.9394 3248.2253
203.1105 3267.6335
198.2816 3287.0418
193.4527 3306.4501
188.6238 3325.8584
183.7949 3345.2667
178.9660 3364.6750
174.1371 3384.0833
169.3082 3403.4916
164.4793 3422.8999
159.6504 3442.3082
154.8215 3461.7164
149.9926 3481.1247
145.1637 3500.5330
140.3348 3519.9413
135.5059 3539.3496
130.6770 3558.7579
125.8481 3578.1662
121.0192 3597.5745
116.1903 3616.9828
111.3614 3636.3911
106.5325 3655.7993
101.7036 3675.2076
96.8747 3694.6159
92.0458 3714.0242
87.2169 3733.4325
82.3880 3752.8408
77.5591 3772.2491
72.7302 3791.6574
67.9013 3811.0657
63.0724 3830.4740
58.2435 3849.8822
53.4146 3869.2905
48.5857 3888.6988
43.7568 3908.1071
38.9279 3927.5154
34.0990 3946.9237
29.2701 3966.3320
24.4412 3985.7403
19.6123 4005.1486
14.7834 4024.5569
9.9545 4043.9651
5.1256 4063.3734
0.2967 4082.7817
-4.5322 4102.1900
-9.3611 4121.5983
-14.1900 4141.0066
-19.0189 4160.4149
-23.8478 4179.8232
