0 0
5.1851 19.3162
10.3702 38.6324
15.5553 57.9485
20.7403 77.2647
25.9254 96.5809
31.1105 115.8971
36.2956 135.2133
41.4807 154.5295
46.6658 173.8456
51.8509 193.1618
57.0360 212.4780
62.2210 231.7942
67.4061 251.1104
72.5912 270.4265
77.7763 289.7427
82.9614 309.0589
88.1465 328.3751
93.3316 347.6913
98.5166 367.0075
103.7017 386.3236
108.8868 405.6398
114.0719 424.9560
119.2570 444.2722
124.4421 463.5884
129.6272 482.9045
134.8123 502.2207
139.9973 521.5369
145.1824 540.8531
150.3675 560.1693
155.5526 579.4855
160.7377 598.8016
165.9228 618.1178
171.1079 637.4340
176.2929 656.7502
181.4780 676.0664
186.6631 695.3825
191.8482 714.6987
197.0333 734.0149
202.2184 753.3311
207.4035 772.6473
212.5886 791.9635
217.7736 811.2796
222.9587 830.5958
228.1438 849.9120
233.3289 869.2282
238.5140 888.5444
243.6991 907.8605
248.8842 927.1767
254.0692 946.4929
259.2543 965.8091
264.4394 985.1253
269.6245 1004.4415
274.8096 1023.7576
279.9947 1043.0738
285.1798 1062.3900
290.3649 1081.7062
295.5499 1101.0224
300.7350 1120.3385
305.9201 1139.6547
311.1052 1158.9709
316.2903 1178.2871
321.4754 1197.6033
326.6605 1216.9194
331.8451 1236.2358
337.0241 1255.5536
342.1899 1274.8749
347.3346 1294.2019
352.4506 1313.5365
357.5301 1332.8807
362.5654 1352.2365
367.5486 1371.6057
372.4720 1390.9902
377.3278 1410.3918
382.1081 1429.8121
386.8051 1449.2527
391.4110 1468.7151
395.9178 1488.2007
400.3176 1507.7107
404.6024 1527.2463
408.7644 1546.8084
412.7954 1566.3979
416.6875 1586.0155
420.4326 1605.6617
424.0227 1625.3368
427.4496 1645.0409
430.7052 1664.7741
433.7813 1684.5361
436.6698 1704.3263
439.3630 1724.1441
441.8579 1743.9877
444.1543 1763.8554
446.2518 1783.7450
448.1504 1803.6546
449.8498 1823.5822
451.3498 1843.5258
452.6503 1863.4834
453.7512 1883.4530
454.6524 1903.4326
455.3536 1923.4202
455.8550 1943.4138
456.1565 1963.4115
456.2579 1983.4111
456.1593 2003.4108
455.8608 2023.4085
455.3623 2043.4022
454.6639 2063.3899
453.7656 2083.3696
452.6676 2103.3394
451.3700 2123.2972
449.8728 2143.2410
448.1763 2163.1688
446.2806 2183.0787
444.1859 2202.9686
441.8924 2222.8366
439.4022 2242.6809
436.7224 2262.5004
433.8612 2282.2947
430.8268 2302.0631
427.6273 2321.8054
424.2708 2341.5217
420.7654 2361.2121
417.1192 2380.8769
413.3402 2400.5165
409.4364 2420.1318
405.4158 2439.7235
401.2864 2459.2925
397.0562 2478.8400
392.7330 2498.3672
388.3248 2517.8753
383.8394 2537.3658
379.2847 2556.8403
374.6685 2576.3003
369.9987 2595.7474
365.2831 2615.1836
360.5295 2634.6104
355.7456 2654.0299
350.9392 2673.4437
346.1182 2692.8540
341.2902 2712.2625
336.4613 2731.6708
331.6324 2751.0791
326.8035 2770.4874
321.9746 2789.8957
317.1457 2809.3040
312.3168 2828.7122
307.4879 2848.1205
302.6590 2867.5288
297.8301 2886.9371
293.0012 2906.3454
288.1723 2925.7537
283.3434 2945.1620
278.5145 2964.5703
273.6856 2983.9786
268.8567 3003.3869
264.0278 3022.7951
259.1989 3042.2034
254.3700 3061.6117
249.5411 3081.0200
244.7122 3100.4283
239.8833 3119.8366
235.0544 3139.2449
230.2255 3158.6532
225.3966 3178.0615
220.5677 3197.4698
215.7388 3216.8780
210.9099 3236.2863
206.0810 3255.6946
201.2521 3275.1029
196.4232 3294.5112
191.5943 3313.9195
186.7654 3333.3278
181.9365 3352.7361
177.1076 3372.1444
172.2787 3391.5527
167.4498 3410.9609
162.6209 3430.3692
157.7920 3449.7775
152.9631 3469.1858
148.1342 3488.5941
143.3053 3508.0024
138.4764 3527.4107
133.6475 3546.8190
128.8186 3566.2273
123.9897 3585.6356
119.1608 3605.0438
114.3319 3624.4521
109.5030 3643.8604
104.6741 3663.2687
99.8452 3682.6770
95.0163 3702.0853
90.1874 3721.4936
85.3585 3740.9019
80.5296 3760.3102
75.7007 3779.7185
70.8718 3799.1267
66.0429 3818.5350
61.2140 3837.9433
56.3851 3857.3516
51.5562 3876.7599
46.7273 3896.1682
41.8984 3915.5765
37.0695 3934.9848
32.2406 3954.3931
27.4117 3973.8014
22.5828 3993.2096
17.7539 4012.6179
12.9250 4032.0262
8.0961 4051.4345
3.2672 4070.8428
-1.5617 4090.2511
-6.3906 4109.6594
-11.2195 4129.0677
-16.0484 4148.4760
-20.8773 4167.8843
