0 0
5.1851 19.3162
10.3702 38.6324
15.5553 57.9485
20.7403 77.2647
25.9254 96.5809
31.1105 115.8971
36.2956 135.2133
41.4807 154.5295
46.6658 173.8456
51.8509 193.1618
57.0360 212.4780
62.2210 231.7942
67.4061 251.1104
72.5912 270.4265
77.7763 289.7427
82.9614 309.0589
88.1465 328.3751
93.3316 347.6913
98.5166 367.0075
103.7017 386.3236
108.8868 405.6398
114.0719 424.9560
119.2570 444.2722
124.4421 463.5884
129.6272 482.9045
134.8123 502.2207
139.9973 521.5369
145.1824 540.8531
150.3675 560.1693
155.5526 579.4855
160.7377 598.8016
165.9228 618.1178
171.1079 637.4340
176.2929 656.7502
181.4780 676.0664
186.6631 695.3825
191.8482 714.6987
197.0333 734.0149
202.2184 753.3311
207.4035 772.6473
212.5886 791.9635
217.7736 811.2796
222.9587 830.5958
228.1438 849.9120
233.3289 869.2282
238.5140 888.5444
243.6991 907.8605
248.8842 927.1767
254.0692 946.4929
259.2543 965.8091
264.4394 985.1253
269.6245 1004.4415
274.8096 1023.7576
279.9947 1043.0738
285.1798 1062.3900
290.3649 1081.7062
295.5499 1101.0224
300.7350 1120.3385
305.9201 1139.6547
311.1052 1158.9709
316.2903 1178.2871
321.4754 1197.6033
326.6605 1216.9194
331.8455 1236.2356
337.0306 1255.5518
342.2157 1274.8680
347.4008 1294.1842
352.5859 1313.5004
357.7710 1332.8165
362.9561 1352.1327
368.1412 1371.4489
373.3262 1390.7651
378.5104 1410.0815
383.6850 1429.4005
388.8372 1448.7255
393.9539 1468.0599
399.0224 1487.4070
404.0297 1506.7700
408.9629 1526.1520
413.8088 1545.5561
418.5545 1564.9848
423.1868 1584.4410
427.6927 1603.9267
432.0589 1623.4443
436.2722 1642.9954
440.3192 1662.5816
444.1865 1682.2040
447.8609 1701.8635
451.3286 1721.5605
454.5763 1741.2949
457.5904 1761.0664
460.3571 1780.8740
462.8638 1800.7161
465.1058 1820.5899
467.0826 1840.4918
468.7939 1860.4183
470.2393 1880.3659
471.4186 1900.3309
472.3317 1920.3099
472.9783 1940.2993
473.3583 1960.2956
473.4716 1980.2951
473.3184 2000.2944
472.8984 2020.2898
472.2119 2040.2779
471.2590 2060.2550
470.0398 2080.2177
468.5546 2100.1623
466.8035 2120.0853
464.7870 2139.9833
462.5064 2159.8527
459.9716 2179.6913
457.1960 2199.4976
454.1933 2219.2708
450.9771 2239.0104
447.5608 2258.7164
443.9579 2278.3891
440.1819 2298.0294
436.2460 2317.6382
432.1637 2337.2171
427.9481 2356.7678
423.6125 2376.2921
419.1701 2395.7925
414.6339 2415.2713
410.0171 2434.7311
405.3326 2454.1747
400.5936 2473.6052
395.8129 2493.0254
391.0035 2512.4385
386.1785 2531.8478
381.3496 2551.2561
376.5207 2570.6643
371.6918 2590.0726
366.8629 2609.4809
362.0340 2628.8892
357.2051 2648.2975
352.3762 2667.7058
347.5473 2687.1141
342.7184 2706.5224
337.8895 2725.9307
333.0606 2745.3390
328.2317 2764.7472
323.4028 2784.1555
318.5739 2803.5638
313.7450 2822.9721
308.9161 2842.3804
304.0872 2861.7887
299.2583 2881.1970
294.4294 2900.6053
289.6005 2920.0136
284.7716 2939.4219
279.9427 2958.8301
275.1138 2978.2384
270.2849 2997.6467
265.4560 3017.0550
260.6271 3036.4633
255.7982 3055.8716
250.9693 3075.2799
246.1404 3094.6882
241.3115 3114.0965
236.4826 3133.5048
231.6537 3152.9130
226.8248 3172.3213
221.9959 3191.7296
217.1670 3211.1379
212.3381 3230.5462
207.5092 3249.9545
202.6803 3269.3628
197.8514 3288.7711
193.0225 3308.1794
188.1936 3327.5877
183.3647 3346.9959
178.5358 3366.4042
173.7069 3385.8125
168.8780 3405.2208
164.0491 3424.6291
159.2202 3444.0374
154.3913 3463.4457
149.5624 3482.8540
144.7335 3502.2623
139.9046 3521.6706
135.0757 3541.0788
130.2468 3560.4871
125.4179 3579.8954
120.5890 3599.3037
115.7601 3618.7120
110.9312 3638.1203
106.1023 3657.5286
101.2734 3676.9369
96.4445 3696.3452
91.6156 3715.7535
86.7867 3735.1618
81.9578 3754.5700
77.1289 3773.9783
72.3000 3793.3866
67.4711 3812.7949
62.6422 3832.2032
57.8133 3851.6115
52.9844 3871.0198
48.1555 3890.4281
43.3266 3909.8364
38.4977 3929.2447
33.6688 3948.6529
28.8399 3968.0612
24.0110 3987.4695
19.1821 4006.8778
14.3532 4026.2861
9.5243 4045.6944
4.6954 4065.1027
-0.1335 4084.5110
-4.9624 4103.9193
-9.7913 4123.3276
-14.6202 4142.7358
-19.4491 4162.1441
