0 0
5.1851 19.3162
10.3702 38.6324
15.5553 57.9485
20.7403 77.2647
25.9254 96.5809
31.1105 115.8971
36.2956 135.2133
41.4807 154.5295
46.6658 173.8456
51.8509 193.1618
57.0360 212.4780
62.2210 231.7942
67.4061 251.1104
72.5912 270.4265
77.7763 289.7427
82.9614 309.0589
88.1465 328.3751
93.3316 347.6913
98.5166 367.0075
103.7017 386.3236
108.8868 405.6398
114.0719 424.9560
119.2570 444.2722
124.4421 463.5884
129.6272 482.9045
134.8123 502.2207
139.9973 521.5369
145.1824 540.8531
150.3675 560.1693
155.5526 579.4855
160.7377 598.8016
165.9228 618.1178
171.1079 637.4340
176.2929 656.7502
181.4780 676.0664
186.6631 695.3825
191.8482 714.6987
197.0333 734.0149
202.2184 753.3311
207.4035 772.6473
212.5886 791.9635
217.7736 811.2796
222.9587 830.5958
228.1438 849.9120
233.3289 869.2282
238.5140 888.5444
243.6991 907.8605
248.8842 927.1767
254.0692 946.4929
259.2543 965.8091
264.4394 985.1253
269.6245 1004.4415
274.8096 1023.7576
279.9947 1043.0738
285.1798 1062.3900
290.3649 1081.7062
295.5499 1101.0224
300.7350 1120.3385
305.9201 1139.6547
311.1052 1158.9709
316.2903 1178.2871
321.4754 1197.6033
326.6605 1216.9194
331.8455 1236.2356
337.0306 1255.5518
342.2157 1274.8680
347.4008 1294.1842
352.5859 1313.5004
357.7710 1332.8165
362.9561 1352.1327
368.1412 1371.4489
373.3262 1390.7651
378.5113 1410.0813
383.6964 1429.3974
388.8815 1448.7136
394.0666 1468.0298
399.2517 1487.3460
404.4368 1506.6622
409.6218 1525.9784
414.8069 1545.2945
419.9920 1564.6107
425.1771 1583.9269
430.3615 1603.2433
435.5296 1622.5640
440.6511 1641.8971
445.6950 1661.2506
450.6302 1680.6321
455.4254 1700.0487
460.0494 1719.5068
464.4705 1739.0119
468.6570 1758.5687
472.5769 1778.1806
476.1980 1797.8498
479.4879 1817.5771
482.4141 1837.3616
484.9492 1857.1999
487.0870 1877.0850
488.8267 1897.0089
490.1677 1916.9635
491.1093 1936.9410
491.6511 1956.9334
491.7931 1976.9325
491.5351 1996.9305
490.8771 2016.9194
489.8196 2036.8910
488.3629 2056.8376
486.5075 2076.7510
484.2544 2096.6234
481.6133 2116.4479
478.6144 2136.2215
475.2901 2155.9431
471.6727 2175.6131
467.7946 2195.2334
463.6876 2214.8070
459.3836 2234.3384
454.9141 2253.8325
450.3108 2273.2955
445.6048 2292.7340
440.8274 2312.1550
436.0097 2331.5660
431.1809 2350.9744
426.3520 2370.3827
421.5231 2389.7909
416.6942 2409.1992
411.8653 2428.6075
407.0364 2448.0158
402.2075 2467.4241
397.3786 2486.8324
392.5497 2506.2407
387.7208 2525.6490
382.8919 2545.0573
378.0630 2564.4656
373.2341 2583.8738
368.4052 2603.2821
363.5763 2622.6904
358.7474 2642.0987
353.9185 2661.5070
349.0896 2680.9153
344.2607 2700.3236
339.4318 2719.7319
334.6029 2739.1402
329.7740 2758.5485
324.9451 2777.9567
320.1162 2797.3650
315.2873 2816.7733
310.4584 2836.1816
305.6295 2855.5899
300.8006 2874.9982
295.9717 2894.4065
291.1428 2913.8148
286.3139 2933.2231
281.4850 2952.6314
276.6561 2972.0396
271.8272 2991.4479
266.9983 3010.8562
262.1694 3030.2645
257.3405 3049.6728
252.5116 3069.0811
247.6827 3088.4894
242.8538 3107.8977
238.0249 3127.3060
233.1960 3146.7143
228.3671 3166.1225
223.5382 3185.5308
218.7093 3204.9391
213.8804 3224.3474
209.0515 3243.7557
204.2226 3263.1640
199.3937 3282.5723
194.5648 3301.9806
189.7359 3321.3889
184.9070 3340.7972
180.0781 3360.2054
175.2492 3379.6137
170.4203 3399.0220
165.5914 3418.4303
160.7625 3437.8386
155.9336 3457.2469
151.1047 3476.6552
146.2758 3496.0635
141.4469 3515.4718
136.6180 3534.8801
131.7891 3554.2883
126.9602 3573.6966
122.1313 3593.1049
117.3024 3612.5132
112.4735 3631.9215
107.6446 3651.3298
102.8157 3670.7381
97.9868 3690.1464
93.1579 3709.5547
88.3290 3728.9630
83.5001 3748.3712
78.6712 3767.7795
73.8423 3787.1878
69.0134 3806.5961
64.1845 3826.0044
59.3556 3845.4127
54.5267 3864.8210
49.6978 3884.2293
44.8689 3903.6376
40.0400 3923.0459
35.2111 3942.4541
30.3822 3961.8624
25.5533 3981.2707
20.7244 4000.6790
15.8955 4020.0873
11.0666 4039.4956
6.2377 4058.9039
1.4088 4078.3122
-3.4201 4097.7205
-8.2490 4117.1288
-13.0779 4136.5370
-17.9068 4155.9453
