0 0
-5.1851 19.3162
-10.3702 38.6324
-15.5553 57.9485
-20.7403 77.2647
-25.9254 96.5809
-31.1105 115.8971
-36.2956 135.2133
-41.4807 154.5295
-46.6658 173.8456
-51.8509 193.1618
-57.0360 212.4780
-62.2210 231.7942
-67.4061 251.1104
-72.5912 270.4265
-77.7763 289.7427
-82.9614 309.0589
-88.1465 328.3751
-93.3316 347.6913
-98.5166 367.0075
-103.7017 386.3236
-108.8868 405.6398
-114.0719 424.9560
-119.2570 444.2722
-124.4421 463.5884
-129.6272 482.9045
-134.8123 502.2207
-139.9973 521.5369
-145.1824 540.8531
-150.3675 560.1693
-155.5526 579.4855
-160.7377 598.8016
-165.9228 618.1178
-171.1079 637.4340
-176.2929 656.7502
-181.4780 676.0664
-186.6631 695.3825
-191.8482 714.6987
-197.0333 734.0149
-202.2184 753.3311
-207.4035 772.6473
-212.5886 791.9635
-217.7736 811.2796
-222.9587 830.5958
-228.1438 849.9120
-233.3289 869.2282
-238.5140 888.5444
-243.6991 907.8605
-248.8842 927.1767
-254.0692 946.4929
-259.2543 965.8091
-264.4394 985.1253
-269.6245 1004.4415
-274.8096 1023.7576
-279.9947 1043.0738
-285.1798 1062.3900
-290.3649 1081.7062
-295.5499 1101.0224
-300.7350 1120.3385
-305.9201 1139.6547
-311.1052 1158.9709
-316.2903 1178.2871
-321.4754 1197.6033
-326.6605 1216.9194
-331.8455 1236.2356
-337.0306 1255.5518
-342.2157 1274.8680
-347.4008 1294.1842
-352.5859 1313.5004
-357.7710 1332.8165
-362.9561 1352.1327
-368.1412 1371.4489
-373.3262 1390.7651
-378.5113 1410.0813
-383.6964 1429.3974
-388.8815 1448.7136
-394.0666 1468.0298
-399.2517 1487.3460
-404.4368 1506.6622
-409.6218 1525.9784
-414.8069 1545.2945
-419.9920 1564.6107
-425.1771 1583.9269
-430.3622 1603.2431
-435.5434 1622.5603
-440.6966 1641.8850
-445.7907 1661.2254
-450.7948 1680.5892
-455.6777 1699.9839
-460.4082 1719.4164
-464.9548 1738.8927
-469.2858 1758.4180
-473.3694 1777.9965
-477.1735 1797.6312
-480.6660 1817.3236
-483.8142 1837.0740
-486.5859 1856.8807
-488.9620 1876.7387
-490.9406 1896.6403
-492.5207 1916.5774
-493.7019 1936.5422
-494.4835 1956.5266
-494.8653 1976.5226
-494.8471 1996.5222
-494.4289 2016.5175
-493.6110 2036.5005
-492.3936 2056.4631
-490.7772 2076.3973
-488.7645 2096.2954
-486.3775 2116.1522
-483.6486 2135.9649
-480.6102 2155.7326
-477.2947 2175.4557
-473.7341 2195.1361
-469.9605 2214.7768
-466.0056 2234.3818
-461.9011 2253.9561
-457.6785 2273.5052
-453.3692 2293.0354
-449.0046 2312.5534
-444.6157 2332.0659
-440.2245 2351.5778
-435.8332 2371.0898
-431.4420 2390.6018
-427.0507 2410.1138
-422.6595 2429.6257
-418.2682 2449.1377
-413.8770 2468.6497
-409.4857 2488.1616
-405.0945 2507.6736
-400.7033 2527.1856
-396.3120 2546.6975
-391.9208 2566.2095
-387.5295 2585.7215
-383.1383 2605.2334
-378.7470 2624.7454
-374.3558 2644.2574
-369.9645 2663.7694
-365.5733 2683.2813
-361.1820 2702.7933
-356.7908 2722.3053
-352.3995 2741.8172
-348.0083 2761.3292
-343.6170 2780.8412
-339.2258 2800.3531
-334.8345 2819.8651
-330.4433 2839.3771
-326.0520 2858.8890
-321.6608 2878.4010
-317.2695 2897.9130
-312.8783 2917.4250
-308.4870 2936.9369
-304.0958 2956.4489
-299.7045 2975.9609
-295.3133 2995.4728
-290.9220 3014.9848
-286.5308 3034.4968
-282.1396 3054.0087
-277.7483 3073.5207
-273.3571 3093.0327
-268.9658 3112.5446
-264.5746 3132.0566
-260.1833 3151.5686
-255.7921 3171.0806
-251.4008 3190.5925
-247.0096 3210.1045
-242.6183 3229.6165
-238.2271 3249.1284
-233.8358 3268.6404
-229.4446 3288.1524
-225.0533 3307.6643
-220.6621 3327.1763
-216.2708 3346.6883
-211.8796 3366.2002
-207.4883 3385.7122
-203.0971 3405.2242
-198.7058 3424.7362
-194.3146 3444.2481
-189.9233 3463.7601
-185.5321 3483.2721
-181.1408 3502.7840
-176.7496 3522.2960
-172.3583 3541.8080
-167.9671 3561.3199
-163.5759 3580.8319
-159.1846 3600.3439
-154.7934 3619.8558
-150.4021 3639.3678
-146.0109 3658.8798
-141.6196 3678.3918
-137.2284 3697.9037
-132.8371 3717.4157
-128.4459 3736.9277
-124.0546 3756.4396
-119.6634 3775.9516
-115.2721 3795.4636
-110.8809 3814.9755
-106.4896 3834.4875
-102.0984 3853.9995
-97.7071 3873.5114
-93.3159 3893.0234
-88.9246 3912.5354
-84.5334 3932.0473
-80.1421 3951.5593
-75.7509 3971.0713
-71.3596 3990.5833
-66.9684 4010.0952
-62.5771 4029.6072
-58.1859 4049.1192
-53.7946 4068.6311
-49.4034 4088.1431
-45.0121 4107.6551
-40.6209 4127.1670
-36.2297 4146.6790
-31.8384 4166.1910
