0 0
-5.1851 19.3162
-10.3702 38.6324
-15.5553 57.9485
-20.7403 77.2647
-25.9254 96.5809
-31.1105 115.8971
-36.2956 135.2133
-41.4807 154.5295
-46.6658 173.8456
-51.8509 193.1618
-57.0360 212.4780
-62.2210 231.7942
-67.4061 251.1104
-72.5912 270.4265
-77.7763 289.7427
-82.9614 309.0589
-88.1465 328.3751
-93.3316 347.6913
-98.5166 367.0075
-103.7017 386.3236
-108.8868 405.6398
-114.0719 424.9560
-119.2570 444.2722
-124.4421 463.5884
-129.6272 482.9045
-134.8123 502.2207
-139.9973 521.5369
-145.1824 540.8531
-150.3675 560.1693
-155.5526 579.4855
-160.7377 598.8016
-165.9228 618.1178
-171.1079 637.4340
-176.2929 656.7502
-181.4780 676.0664
-186.6631 695.3825
-191.8482 714.6987
-197.0333 734.0149
-202.2184 753.3311
-207.4035 772.6473
-212.5886 791.9635
-217.7736 811.2796
-222.9587 830.5958
-228.1438 849.9120
-233.3289 869.2282
-238.5140 888.5444
-243.6991 907.8605
-248.8842 927.1767
-254.0692 946.4929
-259.2543 965.8091
-264.4394 985.1253
-269.6245 1004.4415
-274.8096 1023.7576
-279.9947 1043.0738
-285.1798 1062.3900
-290.3649 1081.7062
-295.5499 1101.0224
-300.7350 1120.3385
-305.9201 1139.6547
-311.1052 1158.9709
-316.2903 1178.2871
-321.4754 1197.6033
-326.6605 1216.9194
-331.8455 1236.2356
-337.0306 1255.5518
-342.2157 1274.8680
-347.4008 1294.1842
-352.5859 1313.5004
-357.7710 1332.8165
-362.9561 1352.1327
-368.1412 1371.4489
-373.3262 1390.7651
-378.5113 1410.0813
-383.6964 1429.3974
-388.8815 1448.7136
-394.0666 1468.0298
-399.2517 1487.3460
-404.4368 1506.6622
-409.6218 1525.9784
-414.8069 1545.2945
-419.9920 1564.6107
-425.1771 1583.9269
-430.3622 1603.2431
-435.5473 1622.5593
-440.7324 1641.8754
-445.9174 1661.1916
-451.1025 1680.5078
-456.2873 1699.8241
-461.4523 1719.1456
-466.5504 1738.4849
-471.5317 1757.8546
-476.3464 1777.2664
-480.9442 1796.7306
-485.2744 1816.2560
-489.2861 1835.8492
-492.9277 1855.5146
-496.1474 1875.2533
-498.8929 1895.0634
-501.1117 1914.9393
-502.7514 1934.8712
-503.7795 1954.8440
-504.1926 1974.8389
-503.9905 1994.8371
-503.1753 2014.8197
-501.7787 2034.7702
-499.8523 2054.6767
-497.4484 2074.5313
-494.6193 2094.3298
-491.4167 2114.0715
-487.8923 2133.7583
-484.0974 2153.3948
-480.0829 2172.9877
-475.8994 2192.5452
-471.5974 2212.0771
-467.2270 2231.5937
-462.8361 2251.1058
-458.4449 2270.6177
-454.0536 2290.1297
-449.6624 2309.6417
-445.2711 2329.1536
-440.8799 2348.6656
-436.4887 2368.1776
-432.0974 2387.6895
-427.7062 2407.2015
-423.3149 2426.7135
-418.9237 2446.2255
-414.5324 2465.7374
-410.1412 2485.2494
-405.7499 2504.7614
-401.3587 2524.2733
-396.9674 2543.7853
-392.5762 2563.2973
-388.1849 2582.8092
-383.7937 2602.3212
-379.4024 2621.8332
-375.0112 2641.3451
-370.6199 2660.8571
-366.2287 2680.3691
-361.8374 2699.8810
-357.4462 2719.3930
-353.0549 2738.9050
-348.6637 2758.4170
-344.2724 2777.9289
-339.8812 2797.4409
-335.4899 2816.9529
-331.0987 2836.4648
-326.7074 2855.9768
-322.3162 2875.4888
-317.9249 2895.0007
-313.5337 2914.5127
-309.1425 2934.0247
-304.7512 2953.5366
-300.3600 2973.0486
-295.9687 2992.5606
-291.5775 3012.0726
-287.1862 3031.5845
-282.7950 3051.0965
-278.4037 3070.6085
-274.0125 3090.1204
-269.6212 3109.6324
-265.2300 3129.1444
-260.8387 3148.6563
-256.4475 3168.1683
-252.0562 3187.6803
-247.6650 3207.1922
-243.2737 3226.7042
-238.8825 3246.2162
-234.4912 3265.7282
-230.1000 3285.2401
-225.7087 3304.7521
-221.3175 3324.2641
-216.9262 3343.7760
-212.5350 3363.2880
-208.1437 3382.8000
-203.7525 3402.3119
-199.3612 3421.8239
-194.9700 3441.3359
-190.5788 3460.8478
-186.1875 3480.3598
-181.7963 3499.8718
-177.4050 3519.3838
-173.0138 3538.8957
-168.6225 3558.4077
-164.2313 3577.9197
-159.8400 3597.4316
-155.4488 3616.9436
-151.0575 3636.4556
-146.6663 3655.9675
-142.2750 3675.4795
-137.8838 3694.9915
-133.4925 3714.5034
-129.1013 3734.0154
-124.7100 3753.5274
-120.3188 3773.0394
-115.9275 3792.5513
-111.5363 3812.0633
-107.1450 3831.5753
-102.7538 3851.0872
-98.3625 3870.5992
-93.9713 3890.1112
-89.5800 3909.6231
-85.1888 3929.1351
-80.7975 3948.6471
-76.4063 3968.1590
-72.0151 3987.6710
-67.6238 4007.1830
-63.2326 4026.6950
-58.8413 4046.2069
-54.4501 4065.7189
-50.0588 4085.2309
-45.6676 4104.7428
-41.2763 4124.2548
-36.8851 4143.7668
-32.4938 4163.2787
