0 0
5.1851 19.3162
10.3702 38.6324
15.5553 57.9485
20.7403 77.2647
25.9254 96.5809
31.1105 115.8971
36.2956 135.2133
41.4807 154.5295
46.6658 173.8456
51.8509 193.1618
57.0360 212.4780
62.2210 231.7942
67.4061 251.1104
72.5912 270.4265
77.7763 289.7427
82.9614 309.0589
88.1465 328.3751
93.3316 347.6913
98.5166 367.0075
103.7017 386.3236
108.8868 405.6398
114.0719 424.9560
119.2570 444.2722
124.4421 463.5884
129.6272 482.9045
134.8123 502.2207
139.9973 521.5369
145.1824 540.8531
150.3675 560.1693
155.5526 579.4855
160.7377 598.8016
165.9228 618.1178
171.1079 637.4340
176.2929 656.7502
181.4780 676.0664
186.6631 695.3825
191.8482 714.6987
197.0333 734.0149
202.2184 753.3311
207.4035 772.6473
212.5886 791.9635
217.7736 811.2796
222.9587 830.5958
228.1438 849.9120
233.3289 869.2282
238.5140 888.5444
243.6991 907.8605
248.8842 927.1767
254.0692 946.4929
259.2543 965.8091
264.4394 985.1253
269.6245 1004.4415
274.8096 1023.7576
279.9947 1043.0738
285.1798 1062.3900
290.3649 1081.7062
295.5499 1101.0224
300.7350 1120.3385
305.9201 1139.6547
311.1052 1158.9709
316.2903 1178.2871
321.4754 1197.6033
326.6605 1216.9194
331.8455 1236.2356
337.0306 1255.5518
342.2157 1274.8680
347.4008 1294.1842
352.5859 1313.5004
357.7710 1332.8165
362.9561 1352.1327
368.1412 1371.4489
373.3262 1390.7651
378.5113 1410.0813
383.6964 1429.3974
388.8815 1448.7136
394.0666 1468.0298
399.2517 1487.3460
404.4368 1506.6622
409.6218 1525.9784
414.8069 1545.2945
419.9920 1564.6107
425.1771 1583.9269
430.3622 1603.2431
435.5473 1622.5593
440.7324 1641.8754
445.9174 1661.1916
451.1025 1680.5078
456.2842 1699.8249
461.4290 1719.1518
466.4874 1738.5016
471.4095 1757.8864
476.1454 1777.3175
480.6446 1796.8047
484.8564 1816.3559
488.7296 1835.9770
492.2124 1855.6711
495.2530 1875.4381
497.7988 1895.2748
499.7973 1915.1740
501.1993 1935.1240
501.9870 1955.1077
502.1596 1975.1062
501.7169 1995.1005
500.6595 2015.0718
499.0062 2035.0026
496.8064 2054.8807
494.1127 2074.6980
490.9773 2094.4503
487.4523 2114.1369
483.5893 2133.7601
479.4396 2153.3247
475.0541 2172.8379
470.4834 2192.3086
465.7778 2211.7471
460.9871 2231.1648
456.1612 2250.5738
451.3323 2269.9821
446.5034 2289.3904
441.6745 2308.7987
436.8456 2328.2070
432.0167 2347.6153
427.1878 2367.0236
422.3589 2386.4319
417.5300 2405.8402
412.7011 2425.2485
407.8722 2444.6567
403.0433 2464.0650
398.2144 2483.4733
393.3855 2502.8816
388.5566 2522.2899
383.7277 2541.6982
378.8988 2561.1065
374.0699 2580.5148
369.2410 2599.9231
364.4121 2619.3314
359.5832 2638.7396
354.7543 2658.1479
349.9254 2677.5562
345.0965 2696.9645
340.2676 2716.3728
335.4387 2735.7811
330.6098 2755.1894
325.7809 2774.5977
320.9520 2794.0060
316.1231 2813.4143
311.2942 2832.8225
306.4653 2852.2308
301.6364 2871.6391
296.8075 2891.0474
291.9786 2910.4557
287.1497 2929.8640
282.3208 2949.2723
277.4919 2968.6806
272.6630 2988.0889
267.8341 3007.4972
263.0052 3026.9054
258.1763 3046.3137
253.3473 3065.7220
248.5184 3085.1303
243.6895 3104.5386
238.8606 3123.9469
234.0317 3143.3552
229.2028 3162.7635
224.3739 3182.1718
219.5450 3201.5801
214.7161 3220.9883
209.8872 3240.3966
205.0583 3259.8049
200.2294 3279.2132
195.4005 3298.6215
190.5716 3318.0298
185.7427 3337.4381
180.9138 3356.8464
176.0849 3376.2547
171.2560 3395.6630
166.4271 3415.0712
161.5982 3434.4795
156.7693 3453.8878
151.9404 3473.2961
147.1115 3492.7044
142.2826 3512.1127
137.4537 3531.5210
132.6248 3550.9293
127.7959 3570.3376
122.9670 3589.7459
118.1381 3609.1541
113.3092 3628.5624
108.4803 3647.9707
103.6514 3667.3790
98.8225 3686.7873
93.9936 3706.1956
89.1647 3725.6039
84.3358 3745.0122
79.5069 3764.4205
74.6780 3783.8288
69.8491 3803.2370
65.0202 3822.6453
60.1913 3842.0536
55.3624 3861.4619
50.5335 3880.8702
45.7046 3900.2785
40.8757 3919.6868
36.0468 3939.0951
31.2179 3958.5034
26.3890 3977.9117
21.5601 3997.3199
16.7312 4016.7282
11.9023 4036.1365
7.0734 4055.5448
2.2445 4074.9531
-2.5844 4094.3614
-7.4133 4113.7697
-12.2422 4133.1780
-17.0711 4152.5863
