-1.0 -0.225 -0.15 -0.075 0 -0.075 -0.15 -0.225 
207.898 -0.225 -0.15 -0.075 0 -0.075 -0.15 -0.225 
607.898 0.225 0.15 0.075 0 -0.075 -0.15 -0.225 
707.898 0.3375 0.225 0.1125 0 -0.1125 -0.225 -0.3375 
907.898 0.5625 0.375 0.1875 0 -0.1875 -0.375 -0.5625 
1580.52 0.5625 0.375 0.1875 0 -0.1875 -0.375 -0.5625 
1780.52 0.3375 0.225 0.1125 0 -0.1125 -0.225 -0.3375 
1880.52 0.225 0.15 0.075 0 -0.075 -0.15 -0.225 
2280.52 -0.225 -0.15 -0.075 0 -0.075 -0.15 -0.225 
2857.984 -0.225 -0.15 -0.075 0 -0.075 -0.15 -0.225 
3107.984 -0.225 -0.15 -0.075 0 0.075 0.15 0.225 
3170.484 -0.3375 -0.225 -0.1125 0 0.1125 0.225 0.3375 
3295.484 -0.5625 -0.375 -0.1875 0 0.1875 0.375 0.5625 
3357.984 -0.675 -0.45 -0.225 0 0.225 0.45 0.675 
3828.886 -0.675 -0.45 -0.225 0 0.225 0.45 0.675 
3891.386 -0.5625 -0.375 -0.1875 0 0.1875 0.375 0.5625 
4016.386 -0.3375 -0.225 -0.1125 0 0.1125 0.225 0.3375 
4078.886 -0.225 -0.15 -0.075 0 0.075 0.15 0.225 
4328.886 -0.225 -0.15 -0.075 0 -0.075 -0.15 -0.225 
7273.408 -0.225 -0.15 -0.075 0 -0.075 -0.15 -0.225 
