-1.0 -11.25 -7.5 -3.75 0 3.75 7.5 11.25
207.898 -11.25 -7.5 -3.75 0 3.75 7.5 11.25
356.47 -11.25 -7.5 -3.75 0 3.75 7.5 11.25
393.613 -11.25 -7.5 -3.75 0 3.75 7.5 11.25
467.898 -11.25 -7.5 -3.75 0 3.75 7.5 11.25
2020.52 -11.25 -7.5 -3.75 0 3.75 7.5 11.25
2094.805 -11.25 -7.5 -3.75 0 3.75 7.5 11.25
2131.948 -11.25 -7.5 -3.75 0 3.75 7.5 11.25
2280.52 -11.25 -7.5 -3.75 0 3.75 7.5 11.25
2857.984 -11.25 -7.5 -3.75 0 3.75 7.5 11.25
3007.984 -11.25 -7.5 -3.75 0 3.75 7.5 11.25
3045.484 -11.25 -7.5 -3.75 0 3.75 7.5 11.25
3120.484 -11.25 -7.5 -3.75 0 3.75 7.5 11.25
3157.984 -11.25 -7.5 -3.75 0 3.75 7.5 11.25
4028.886 -11.25 -7.5 -3.75 0 3.75 7.5 11.25
4066.386 -11.25 -7.5 -3.75 0 3.75 7.5 11.25
4141.386 -11.25 -7.5 -3.75 0 3.75 7.5 11.25
4178.886 -11.25 -7.5 -3.75 0 3.75 7.5 11.25
4328.886 -11.25 -7.5 -3.75 0 3.75 7.5 11.25
7273.408 -11.25 -7.5 -3.75 0 3.75 7.5 11.25
