-1.0 -0.225 -0.15 -0.075 0 -0.075 -0.15 -0.225 
707.898 -0.225 -0.15 -0.075 0 -0.075 -0.15 -0.225 
822.184 0.225 0.15 0.075 0 -0.075 -0.15 -0.225 
850.755 0.3375 0.225 0.1125 0 -0.1125 -0.225 -0.3375 
907.898 0.5625 0.375 0.1875 0 -0.1875 -0.375 -0.5625 
1580.52 0.5625 0.375 0.1875 0 -0.1875 -0.375 -0.5625 
1637.663 0.3375 0.225 0.1125 0 -0.1125 -0.225 -0.3375 
1666.234 0.225 0.15 0.075 0 -0.075 -0.15 -0.225 
1780.52 -0.225 -0.15 -0.075 0 -0.075 -0.15 -0.225 
3132.984 -0.225 -0.15 -0.075 0 -0.075 -0.15 -0.225 
3245.484 -0.225 -0.15 -0.075 0 0.075 0.15 0.225 
3273.609 -0.3375 -0.225 -0.1125 0 0.1125 0.225 0.3375 
3329.859 -0.5625 -0.375 -0.1875 0 0.1875 0.375 0.5625 
3357.984 -0.675 -0.45 -0.225 0 0.225 0.45 0.675 
3828.886 -0.675 -0.45 -0.225 0 0.225 0.45 0.675 
3857.011 -0.5625 -0.375 -0.1875 0 0.1875 0.375 0.5625 
3913.261 -0.3375 -0.225 -0.1125 0 0.1125 0.225 0.3375 
3941.386 -0.225 -0.15 -0.075 0 0.075 0.15 0.225 
4053.886 -0.225 -0.15 -0.075 0 -0.075 -0.15 -0.225 
7273.408 -0.225 -0.15 -0.075 0 -0.075 -0.15 -0.225 
