-1.0 -11.25 -7.5 -3.75 0 3.75 7.5 11.25
323.449 -11.25 -7.5 -3.75 0 3.75 7.5 11.25
647.898 -11.25 -7.5 -3.75 0 3.75 7.5 11.25
652.898 -11.25 -7.5 -3.75 0 3.75 7.5 11.25
657.898 -11.25 -7.5 -3.75 0 3.75 7.5 11.25
662.898 -11.25 -7.5 -3.75 0 3.75 7.5 11.25
667.898 -11.25 -7.5 -3.75 0 3.75 7.5 11.25
672.898 -11.25 -7.5 -3.75 0 3.75 7.5 11.25
677.898 -11.25 -7.5 -3.75 0 3.75 7.5 11.25
682.898 -11.25 -7.5 -3.75 0 3.75 7.5 11.25
687.898 -11.25 -7.5 -3.75 0 3.75 7.5 11.25
692.898 -11.25 -7.5 -3.75 0 3.75 7.5 11.25
697.898 -11.25 -7.5 -3.75 0 3.75 7.5 11.25
702.898 -11.25 -7.5 -3.75 0 3.75 7.5 11.25
707.898 -11.25 -7.5 -3.75 0 3.75 7.5 11.25
712.898 -11.25 -7.5 -3.75 0 3.75 7.5 11.25
717.898 -11.25 -7.5 -3.75 0 3.75 7.5 11.25
722.898 -11.25 -7.5 -3.75 0 3.75 7.5 11.25
727.898 -11.25 -7.5 -3.75 0 3.75 7.5 11.25
732.898 -11.25 -7.5 -3.75 0 3.75 7.5 11.25
737.898 -11.25 -7.5 -3.75 0 3.75 7.5 11.25
742.898 -11.25 -7.5 -3.75 0 3.75 7.5 11.25
747.898 -11.25 -7.5 -3.75 0 3.75 7.5 11.25
752.898 -11.25 -7.5 -3.75 0 3.75 7.5 11.25
757.898 -11.25 -7.5 -3.75 0 3.75 7.5 11.25
762.898 -11.25 -7.5 -3.75 0 3.75 7.5 11.25
767.898 -11.25 -7.5 -3.75 0 3.75 7.5 11.25
772.898 -11.25 -7.5 -3.75 0 3.75 7.5 11.25
777.898 -11.25 -7.5 -3.75 0 3.75 7.5 11.25
782.898 -11.25 -7.5 -3.75 0 3.75 7.5 11.25
787.898 -11.25 -7.5 -3.75 0 3.75 7.5 11.25
792.898 -11.25 -7.5 -3.75 0 3.75 7.5 11.25
797.898 -11.25 -7.5 -3.75 0 3.75 7.5 11.25
802.898 -11.25 -7.5 -3.75 0 3.75 7.5 11.25
807.898 -11.25 -7.5 -3.75 0 3.75 7.5 11.25
812.898 -11.25 -7.5 -3.75 0 3.75 7.5 11.25
817.898 -11.25 -7.5 -3.75 0 3.75 7.5 11.25
822.898 -11.25 -7.5 -3.75 0 3.75 7.5 11.25
827.898 -11.25 -7.5 -3.75 0 3.75 7.5 11.25
832.898 -11.25 -7.5 -3.75 0 3.75 7.5 11.25
837.898 -11.25 -7.5 -3.75 0 3.75 7.5 11.25
842.898 -11.25 -7.5 -3.75 0 3.75 7.5 11.25
847.898 -11.25 -7.5 -3.75 0 3.75 7.5 11.25
852.898 -11.25 -7.5 -3.75 0 3.75 7.5 11.25
857.898 -11.25 -7.5 -3.75 0 3.75 7.5 11.25
862.898 -11.25 -7.5 -3.75 0 3.75 7.5 11.25
867.898 -11.25 -7.5 -3.75 0 3.75 7.5 11.25
872.898 -11.25 -7.5 -3.75 0 3.75 7.5 11.25
877.898 -11.25 -7.5 -3.75 0 3.75 7.5 11.25
882.898 -11.25 -7.5 -3.75 0 3.75 7.5 11.25
887.898 -11.25 -7.5 -3.75 0 3.75 7.5 11.25
892.898 -11.25 -7.5 -3.75 0 3.75 7.5 11.25
897.898 -11.25 -7.5 -3.75 0 3.75 7.5 11.25
902.898 -11.25 -7.5 -3.75 0 3.75 7.5 11.25
907.898 -11.25 -7.5 -3.75 0 3.75 7.5 11.25
1244.209 -11.25 -7.5 -3.75 0 3.75 7.5 11.25
1580.52 -11.25 -7.5 -3.75 0 3.75 7.5 11.25
1585.52 -11.25 -7.5 -3.75 0 3.75 7.5 11.25
1590.52 -11.25 -7.5 -3.75 0 3.75 7.5 11.25
1595.52 -11.25 -7.5 -3.75 0 3.75 7.5 11.25
1600.52 -11.25 -7.5 -3.75 0 3.75 7.5 11.25
1605.52 -11.25 -7.5 -3.75 0 3.75 7.5 11.25
1610.52 -11.25 -7.5 -3.75 0 3.75 7.5 11.25
1615.52 -11.25 -7.5 -3.75 0 3.75 7.5 11.25
1620.52 -11.25 -7.5 -3.75 0 3.75 7.5 11.25
1625.52 -11.25 -7.5 -3.75 0 3.75 7.5 11.25
1630.52 -11.25 -7.5 -3.75 0 3.75 7.5 11.25
1635.52 -11.25 -7.5 -3.75 0 3.75 7.5 11.25
1640.52 -11.25 -7.5 -3.75 0 3.75 7.5 11.25
1645.52 -11.25 -7.5 -3.75 0 3.75 7.5 11.25
1650.52 -11.25 -7.5 -3.75 0 3.75 7.5 11.25
1655.52 -11.25 -7.5 -3.75 0 3.75 7.5 11.25
1660.52 -11.25 -7.5 -3.75 0 3.75 7.5 11.25
1665.52 -11.25 -7.5 -3.75 0 3.75 7.5 11.25
1670.52 -11.25 -7.5 -3.75 0 3.75 7.5 11.25
1675.52 -11.25 -7.5 -3.75 0 3.75 7.5 11.25
1680.52 -11.25 -7.5 -3.75 0 3.75 7.5 11.25
1685.52 -11.25 -7.5 -3.75 0 3.75 7.5 11.25
1690.52 -11.25 -7.5 -3.75 0 3.75 7.5 11.25
1695.52 -11.25 -7.5 -3.75 0 3.75 7.5 11.25
1700.52 -11.25 -7.5 -3.75 0 3.75 7.5 11.25
1705.52 -11.25 -7.5 -3.75 0 3.75 7.5 11.25
1710.52 -11.25 -7.5 -3.75 0 3.75 7.5 11.25
1715.52 -11.25 -7.5 -3.75 0 3.75 7.5 11.25
1720.52 -11.25 -7.5 -3.75 0 3.75 7.5 11.25
1725.52 -11.25 -7.5 -3.75 0 3.75 7.5 11.25
1730.52 -11.25 -7.5 -3.75 0 3.75 7.5 11.25
1735.52 -11.25 -7.5 -3.75 0 3.75 7.5 11.25
1740.52 -11.25 -7.5 -3.75 0 3.75 7.5 11.25
1745.52 -11.25 -7.5 -3.75 0 3.75 7.5 11.25
1750.52 -11.25 -7.5 -3.75 0 3.75 7.5 11.25
1755.52 -11.25 -7.5 -3.75 0 3.75 7.5 11.25
1760.52 -11.25 -7.5 -3.75 0 3.75 7.5 11.25
1765.52 -11.25 -7.5 -3.75 0 3.75 7.5 11.25
1770.52 -11.25 -7.5 -3.75 0 3.75 7.5 11.25
1775.52 -11.25 -7.5 -3.75 0 3.75 7.5 11.25
1780.52 -11.25 -7.5 -3.75 0 3.75 7.5 11.25
1785.52 -11.25 -7.5 -3.75 0 3.75 7.5 11.25
1790.52 -11.25 -7.5 -3.75 0 3.75 7.5 11.25
1795.52 -11.25 -7.5 -3.75 0 3.75 7.5 11.25
1800.52 -11.25 -7.5 -3.75 0 3.75 7.5 11.25
1805.52 -11.25 -7.5 -3.75 0 3.75 7.5 11.25
1810.52 -11.25 -7.5 -3.75 0 3.75 7.5 11.25
1815.52 -11.25 -7.5 -3.75 0 3.75 7.5 11.25
1820.52 -11.25 -7.5 -3.75 0 3.75 7.5 11.25
1825.52 -11.25 -7.5 -3.75 0 3.75 7.5 11.25
1830.52 -11.25 -7.5 -3.75 0 3.75 7.5 11.25
1835.52 -11.25 -7.5 -3.75 0 3.75 7.5 11.25
1840.52 -11.25 -7.5 -3.75 0 3.75 7.5 11.25
2449.252 -11.25 -7.5 -3.75 0 3.75 7.5 11.25
3057.984 -11.25 -7.5 -3.75 0 3.75 7.5 11.25
3062.984 -11.25 -7.5 -3.75 0 3.75 7.5 11.25
3067.984 -11.25 -7.5 -3.75 0 3.75 7.5 11.25
3072.984 -11.25 -7.5 -3.75 0 3.75 7.5 11.25
3077.984 -11.25 -7.5 -3.75 0 3.75 7.5 11.25
3082.984 -11.25 -7.5 -3.75 0 3.75 7.5 11.25
3087.984 -11.25 -7.5 -3.75 0 3.75 7.5 11.25
3092.984 -11.25 -7.5 -3.75 0 3.75 7.5 11.25
3097.984 -11.25 -7.5 -3.75 0 3.75 7.5 11.25
3102.984 -11.25 -7.5 -3.75 0 3.75 7.5 11.25
3107.984 -11.25 -7.5 -3.75 0 3.75 7.5 11.25
3112.984 -11.25 -7.5 -3.75 0 3.75 7.5 11.25
3117.984 -11.25 -7.5 -3.75 0 3.75 7.5 11.25
3122.984 -11.25 -7.5 -3.75 0 3.75 7.5 11.25
3127.984 -11.25 -7.5 -3.75 0 3.75 7.5 11.25
3132.984 -11.25 -7.5 -3.75 0 3.75 7.5 11.25
3137.984 -11.25 -7.5 -3.75 0 3.75 7.5 11.25
3142.984 -11.25 -7.5 -3.75 0 3.75 7.5 11.25
3147.984 -11.25 -7.5 -3.75 0 3.75 7.5 11.25
3152.984 -11.25 -7.5 -3.75 0 3.75 7.5 11.25
3157.984 -11.25 -7.5 -3.75 0 3.75 7.5 11.25
3162.984 -11.25 -7.5 -3.75 0 3.75 7.5 11.25
3167.984 -11.25 -7.5 -3.75 0 3.75 7.5 11.25
3172.984 -11.25 -7.5 -3.75 0 3.75 7.5 11.25
3177.984 -11.25 -7.5 -3.75 0 3.75 7.5 11.25
3182.984 -11.25 -7.5 -3.75 0 3.75 7.5 11.25
3187.984 -11.25 -7.5 -3.75 0 3.75 7.5 11.25
3192.984 -11.25 -7.5 -3.75 0 3.75 7.5 11.25
3197.984 -11.25 -7.5 -3.75 0 3.75 7.5 11.25
3202.984 -11.25 -7.5 -3.75 0 3.75 7.5 11.25
3207.984 -11.25 -7.5 -3.75 0 3.75 7.5 11.25
3212.984 -11.25 -7.5 -3.75 0 3.75 7.5 11.25
3217.984 -11.25 -7.5 -3.75 0 3.75 7.5 11.25
3222.984 -11.25 -7.5 -3.75 0 3.75 7.5 11.25
3227.984 -11.25 -7.5 -3.75 0 3.75 7.5 11.25
3232.984 -11.25 -7.5 -3.75 0 3.75 7.5 11.25
3237.984 -11.25 -7.5 -3.75 0 3.75 7.5 11.25
3242.984 -11.25 -7.5 -3.75 0 3.75 7.5 11.25
3247.984 -11.25 -7.5 -3.75 0 3.75 7.5 11.25
3252.984 -11.25 -7.5 -3.75 0 3.75 7.5 11.25
3257.984 -11.25 -7.5 -3.75 0 3.75 7.5 11.25
3262.984 -11.25 -7.5 -3.75 0 3.75 7.5 11.25
3267.984 -11.25 -7.5 -3.75 0 3.75 7.5 11.25
3272.984 -11.25 -7.5 -3.75 0 3.75 7.5 11.25
3277.984 -11.25 -7.5 -3.75 0 3.75 7.5 11.25
3282.984 -11.25 -7.5 -3.75 0 3.75 7.5 11.25
3287.984 -11.25 -7.5 -3.75 0 3.75 7.5 11.25
3292.984 -11.25 -7.5 -3.75 0 3.75 7.5 11.25
3297.984 -11.25 -7.5 -3.75 0 3.75 7.5 11.25
3302.984 -11.25 -7.5 -3.75 0 3.75 7.5 11.25
3307.984 -11.25 -7.5 -3.75 0 3.75 7.5 11.25
3312.984 -11.25 -7.5 -3.75 0 3.75 7.5 11.25
3317.984 -11.25 -7.5 -3.75 0 3.75 7.5 11.25
3322.984 -11.25 -7.5 -3.75 0 3.75 7.5 11.25
3327.984 -11.25 -7.5 -3.75 0 3.75 7.5 11.25
3332.984 -11.25 -7.5 -3.75 0 3.75 7.5 11.25
3337.984 -11.25 -7.5 -3.75 0 3.75 7.5 11.25
3342.984 -11.25 -7.5 -3.75 0 3.75 7.5 11.25
3347.984 -11.25 -7.5 -3.75 0 3.75 7.5 11.25
3352.984 -11.25 -7.5 -3.75 0 3.75 7.5 11.25
3357.984 -11.25 -7.5 -3.75 0 3.75 7.5 11.25
3593.435 -11.25 -7.5 -3.75 0 3.75 7.5 11.25
3828.886 -11.25 -7.5 -3.75 0 3.75 7.5 11.25
3833.886 -11.25 -7.5 -3.75 0 3.75 7.5 11.25
3838.886 -11.25 -7.5 -3.75 0 3.75 7.5 11.25
3843.886 -11.25 -7.5 -3.75 0 3.75 7.5 11.25
3848.886 -11.25 -7.5 -3.75 0 3.75 7.5 11.25
3853.886 -11.25 -7.5 -3.75 0 3.75 7.5 11.25
3858.886 -11.25 -7.5 -3.75 0 3.75 7.5 11.25
3863.886 -11.25 -7.5 -3.75 0 3.75 7.5 11.25
3868.886 -11.25 -7.5 -3.75 0 3.75 7.5 11.25
3873.886 -11.25 -7.5 -3.75 0 3.75 7.5 11.25
3878.886 -11.25 -7.5 -3.75 0 3.75 7.5 11.25
3883.886 -11.25 -7.5 -3.75 0 3.75 7.5 11.25
3888.886 -11.25 -7.5 -3.75 0 3.75 7.5 11.25
3893.886 -11.25 -7.5 -3.75 0 3.75 7.5 11.25
3898.886 -11.25 -7.5 -3.75 0 3.75 7.5 11.25
3903.886 -11.25 -7.5 -3.75 0 3.75 7.5 11.25
3908.886 -11.25 -7.5 -3.75 0 3.75 7.5 11.25
3913.886 -11.25 -7.5 -3.75 0 3.75 7.5 11.25
3918.886 -11.25 -7.5 -3.75 0 3.75 7.5 11.25
3923.886 -11.25 -7.5 -3.75 0 3.75 7.5 11.25
3928.886 -11.25 -7.5 -3.75 0 3.75 7.5 11.25
3933.886 -11.25 -7.5 -3.75 0 3.75 7.5 11.25
3938.886 -11.25 -7.5 -3.75 0 3.75 7.5 11.25
3943.886 -11.25 -7.5 -3.75 0 3.75 7.5 11.25
3948.886 -11.25 -7.5 -3.75 0 3.75 7.5 11.25
3953.886 -11.25 -7.5 -3.75 0 3.75 7.5 11.25
3958.886 -11.25 -7.5 -3.75 0 3.75 7.5 11.25
3963.886 -11.25 -7.5 -3.75 0 3.75 7.5 11.25
3968.886 -11.25 -7.5 -3.75 0 3.75 7.5 11.25
3973.886 -11.25 -7.5 -3.75 0 3.75 7.5 11.25
3978.886 -11.25 -7.5 -3.75 0 3.75 7.5 11.25
3983.886 -11.25 -7.5 -3.75 0 3.75 7.5 11.25
3988.886 -11.25 -7.5 -3.75 0 3.75 7.5 11.25
3993.886 -11.25 -7.5 -3.75 0 3.75 7.5 11.25
3998.886 -11.25 -7.5 -3.75 0 3.75 7.5 11.25
4003.886 -11.25 -7.5 -3.75 0 3.75 7.5 11.25
4008.886 -11.25 -7.5 -3.75 0 3.75 7.5 11.25
4013.886 -11.25 -7.5 -3.75 0 3.75 7.5 11.25
4018.886 -11.25 -7.5 -3.75 0 3.75 7.5 11.25
4023.886 -11.25 -7.5 -3.75 0 3.75 7.5 11.25
4028.886 -11.25 -7.5 -3.75 0 3.75 7.5 11.25
4033.886 -11.25 -7.5 -3.75 0 3.75 7.5 11.25
4038.886 -11.25 -7.5 -3.75 0 3.75 7.5 11.25
4043.886 -11.25 -7.5 -3.75 0 3.75 7.5 11.25
4048.886 -11.25 -7.5 -3.75 0 3.75 7.5 11.25
4053.886 -11.25 -7.5 -3.75 0 3.75 7.5 11.25
4058.886 -11.25 -7.5 -3.75 0 3.75 7.5 11.25
4063.886 -11.25 -7.5 -3.75 0 3.75 7.5 11.25
4068.886 -11.25 -7.5 -3.75 0 3.75 7.5 11.25
4073.886 -11.25 -7.5 -3.75 0 3.75 7.5 11.25
4078.886 -11.25 -7.5 -3.75 0 3.75 7.5 11.25
4083.886 -11.25 -7.5 -3.75 0 3.75 7.5 11.25
4088.886 -11.25 -7.5 -3.75 0 3.75 7.5 11.25
4093.886 -11.25 -7.5 -3.75 0 3.75 7.5 11.25
4098.886 -11.25 -7.5 -3.75 0 3.75 7.5 11.25
4103.886 -11.25 -7.5 -3.75 0 3.75 7.5 11.25
4108.886 -11.25 -7.5 -3.75 0 3.75 7.5 11.25
4113.886 -11.25 -7.5 -3.75 0 3.75 7.5 11.25
4118.886 -11.25 -7.5 -3.75 0 3.75 7.5 11.25
4123.886 -11.25 -7.5 -3.75 0 3.75 7.5 11.25
4128.886 -11.25 -7.5 -3.75 0 3.75 7.5 11.25
5701.147 -11.25 -7.5 -3.75 0 3.75 7.5 11.25
7273.408 -11.25 -7.5 -3.75 0 3.75 7.5 11.25
