-1.0 -0.225 -0.15 -0.075 0 -0.075 -0.15 -0.225 
207.898 -0.225 -0.15 -0.075 0 -0.075 -0.15 -0.225 
322.184 0.225 0.15 0.075 0 -0.075 -0.15 -0.225 
350.755 0.3375 0.225 0.1125 0 -0.1125 -0.225 -0.3375 
407.898 0.5625 0.375 0.1875 0 -0.1875 -0.375 -0.5625 
2080.52 0.5625 0.375 0.1875 0 -0.1875 -0.375 -0.5625 
2137.663 0.3375 0.225 0.1125 0 -0.1125 -0.225 -0.3375 
2166.234 0.225 0.15 0.075 0 -0.075 -0.15 -0.225 
2280.52 -0.225 -0.15 -0.075 0 -0.075 -0.15 -0.225 
2857.984 -0.225 -0.15 -0.075 0 -0.075 -0.15 -0.225 
2970.484 -0.225 -0.15 -0.075 0 0.075 0.15 0.225 
2998.609 -0.3375 -0.225 -0.1125 0 0.1125 0.225 0.3375 
3054.859 -0.5625 -0.375 -0.1875 0 0.1875 0.375 0.5625 
3082.984 -0.675 -0.45 -0.225 0 0.225 0.45 0.675 
4103.886 -0.675 -0.45 -0.225 0 0.225 0.45 0.675 
4132.011 -0.5625 -0.375 -0.1875 0 0.1875 0.375 0.5625 
4188.261 -0.3375 -0.225 -0.1125 0 0.1125 0.225 0.3375 
4216.386 -0.225 -0.15 -0.075 0 0.075 0.15 0.225 
4328.886 -0.225 -0.15 -0.075 0 -0.075 -0.15 -0.225 
7273.408 -0.225 -0.15 -0.075 0 -0.075 -0.15 -0.225 
