-1.0 -11.25 -7.5 -3.75 0 3.75 7.5 11.25
592.898 -11.25 -7.5 -3.75 0 3.75 7.5 11.25
772.898 -11.25 -7.5 -3.75 0 3.75 7.5 11.25
817.898 -11.25 -7.5 -3.75 0 3.75 7.5 11.25
907.898 -11.25 -7.5 -3.75 0 3.75 7.5 11.25
1580.52 -11.25 -7.5 -3.75 0 3.75 7.5 11.25
1670.52 -11.25 -7.5 -3.75 0 3.75 7.5 11.25
1715.52 -11.25 -7.5 -3.75 0 3.75 7.5 11.25
1895.52 -11.25 -7.5 -3.75 0 3.75 7.5 11.25
2997.984 -11.25 -7.5 -3.75 0 3.75 7.5 11.25
3177.984 -11.25 -7.5 -3.75 0 3.75 7.5 11.25
3222.984 -11.25 -7.5 -3.75 0 3.75 7.5 11.25
3312.984 -11.25 -7.5 -3.75 0 3.75 7.5 11.25
3357.984 -11.25 -7.5 -3.75 0 3.75 7.5 11.25
3828.886 -11.25 -7.5 -3.75 0 3.75 7.5 11.25
3873.886 -11.25 -7.5 -3.75 0 3.75 7.5 11.25
3963.886 -11.25 -7.5 -3.75 0 3.75 7.5 11.25
4008.886 -11.25 -7.5 -3.75 0 3.75 7.5 11.25
4188.886 -11.25 -7.5 -3.75 0 3.75 7.5 11.25
7273.408 -11.25 -7.5 -3.75 0 3.75 7.5 11.25
