-1.0 -0.225 -0.15 -0.075 0 -0.075 -0.15 -0.225 
207.898 -0.225 -0.15 -0.075 0 -0.075 -0.15 -0.225 
387.898 0.225 0.15 0.075 0 -0.075 -0.15 -0.225 
432.898 0.3375 0.225 0.1125 0 -0.1125 -0.225 -0.3375 
522.898 0.5625 0.375 0.1875 0 -0.1875 -0.375 -0.5625 
1965.52 0.5625 0.375 0.1875 0 -0.1875 -0.375 -0.5625 
2055.52 0.3375 0.225 0.1125 0 -0.1125 -0.225 -0.3375 
2100.52 0.225 0.15 0.075 0 -0.075 -0.15 -0.225 
2280.52 -0.225 -0.15 -0.075 0 -0.075 -0.15 -0.225 
2857.984 -0.225 -0.15 -0.075 0 -0.075 -0.15 -0.225 
3037.984 -0.225 -0.15 -0.075 0 0.075 0.15 0.225 
3082.984 -0.3375 -0.225 -0.1125 0 0.1125 0.225 0.3375 
3172.984 -0.5625 -0.375 -0.1875 0 0.1875 0.375 0.5625 
3217.984 -0.675 -0.45 -0.225 0 0.225 0.45 0.675 
3968.886 -0.675 -0.45 -0.225 0 0.225 0.45 0.675 
4013.886 -0.5625 -0.375 -0.1875 0 0.1875 0.375 0.5625 
4103.886 -0.3375 -0.225 -0.1125 0 0.1125 0.225 0.3375 
4148.886 -0.225 -0.15 -0.075 0 0.075 0.15 0.225 
4328.886 -0.225 -0.15 -0.075 0 -0.075 -0.15 -0.225 
7273.408 -0.225 -0.15 -0.075 0 -0.075 -0.15 -0.225 
