-1.0 -11.25 -7.5 -3.75 0 3.75 7.5 11.25
207.898 -11.25 -7.5 -3.75 0 3.75 7.5 11.25
607.898 -11.25 -7.5 -3.75 0 3.75 7.5 11.25
707.898 -11.25 -7.5 -3.75 0 3.75 7.5 11.25
907.898 -11.25 -7.5 -3.75 0 3.75 7.5 11.25
1580.52 -11.25 -7.5 -3.75 0 3.75 7.5 11.25
1780.52 -11.25 -7.5 -3.75 0 3.75 7.5 11.25
1880.52 -11.25 -7.5 -3.75 0 3.75 7.5 11.25
2280.52 -11.25 -7.5 -3.75 0 3.75 7.5 11.25
2857.984 -11.25 -7.5 -3.75 0 3.75 7.5 11.25
3107.984 -11.25 -7.5 -3.75 0 3.75 7.5 11.25
3170.484 -11.25 -7.5 -3.75 0 3.75 7.5 11.25
3295.484 -11.25 -7.5 -3.75 0 3.75 7.5 11.25
3357.984 -11.25 -7.5 -3.75 0 3.75 7.5 11.25
3828.886 -11.25 -7.5 -3.75 0 3.75 7.5 11.25
3891.386 -11.25 -7.5 -3.75 0 3.75 7.5 11.25
4016.386 -11.25 -7.5 -3.75 0 3.75 7.5 11.25
4078.886 -11.25 -7.5 -3.75 0 3.75 7.5 11.25
4328.886 -11.25 -7.5 -3.75 0 3.75 7.5 11.25
7273.408 -11.25 -7.5 -3.75 0 3.75 7.5 11.25
