-1.0 -0.225 -0.15 -0.075 0 -0.075 -0.15 -0.225 
207.898 -0.225 -0.15 -0.075 0 -0.075 -0.15 -0.225 
433.613 0.225 0.15 0.075 0 -0.075 -0.15 -0.225 
490.041 0.3375 0.225 0.1125 0 -0.1125 -0.225 -0.3375 
602.898 0.5625 0.375 0.1875 0 -0.1875 -0.375 -0.5625 
1885.52 0.5625 0.375 0.1875 0 -0.1875 -0.375 -0.5625 
1998.377 0.3375 0.225 0.1125 0 -0.1125 -0.225 -0.3375 
2054.805 0.225 0.15 0.075 0 -0.075 -0.15 -0.225 
2280.52 -0.225 -0.15 -0.075 0 -0.075 -0.15 -0.225 
2857.984 -0.225 -0.15 -0.075 0 -0.075 -0.15 -0.225 
3082.984 -0.225 -0.15 -0.075 0 0.075 0.15 0.225 
3139.234 -0.3375 -0.225 -0.1125 0 0.1125 0.225 0.3375 
3251.734 -0.5625 -0.375 -0.1875 0 0.1875 0.375 0.5625 
3307.984 -0.675 -0.45 -0.225 0 0.225 0.45 0.675 
3878.886 -0.675 -0.45 -0.225 0 0.225 0.45 0.675 
3935.136 -0.5625 -0.375 -0.1875 0 0.1875 0.375 0.5625 
4047.636 -0.3375 -0.225 -0.1125 0 0.1125 0.225 0.3375 
4103.886 -0.225 -0.15 -0.075 0 0.075 0.15 0.225 
4328.886 -0.225 -0.15 -0.075 0 -0.075 -0.15 -0.225 
7273.408 -0.225 -0.15 -0.075 0 -0.075 -0.15 -0.225 
