-1.0 -11.25 -7.5 -3.75 0 3.75 7.5 11.25
207.898 -11.25 -7.5 -3.75 0 3.75 7.5 11.25
322.184 -11.25 -7.5 -3.75 0 3.75 7.5 11.25
350.755 -11.25 -7.5 -3.75 0 3.75 7.5 11.25
407.898 -11.25 -7.5 -3.75 0 3.75 7.5 11.25
2080.52 -11.25 -7.5 -3.75 0 3.75 7.5 11.25
2137.663 -11.25 -7.5 -3.75 0 3.75 7.5 11.25
2166.234 -11.25 -7.5 -3.75 0 3.75 7.5 11.25
2280.52 -11.25 -7.5 -3.75 0 3.75 7.5 11.25
2857.984 -11.25 -7.5 -3.75 0 3.75 7.5 11.25
2970.484 -11.25 -7.5 -3.75 0 3.75 7.5 11.25
2998.609 -11.25 -7.5 -3.75 0 3.75 7.5 11.25
3054.859 -11.25 -7.5 -3.75 0 3.75 7.5 11.25
3082.984 -11.25 -7.5 -3.75 0 3.75 7.5 11.25
4103.886 -11.25 -7.5 -3.75 0 3.75 7.5 11.25
4132.011 -11.25 -7.5 -3.75 0 3.75 7.5 11.25
4188.261 -11.25 -7.5 -3.75 0 3.75 7.5 11.25
4216.386 -11.25 -7.5 -3.75 0 3.75 7.5 11.25
4328.886 -11.25 -7.5 -3.75 0 3.75 7.5 11.25
7273.408 -11.25 -7.5 -3.75 0 3.75 7.5 11.25
