-1.0 -11.25 -7.5 -3.75 0 3.75 7.5 11.25
207.898 -11.25 -7.5 -3.75 0 3.75 7.5 11.25
433.613 -11.25 -7.5 -3.75 0 3.75 7.5 11.25
490.041 -11.25 -7.5 -3.75 0 3.75 7.5 11.25
602.898 -11.25 -7.5 -3.75 0 3.75 7.5 11.25
1885.52 -11.25 -7.5 -3.75 0 3.75 7.5 11.25
1998.377 -11.25 -7.5 -3.75 0 3.75 7.5 11.25
2054.805 -11.25 -7.5 -3.75 0 3.75 7.5 11.25
2280.52 -11.25 -7.5 -3.75 0 3.75 7.5 11.25
2857.984 -11.25 -7.5 -3.75 0 3.75 7.5 11.25
3082.984 -11.25 -7.5 -3.75 0 3.75 7.5 11.25
3139.234 -11.25 -7.5 -3.75 0 3.75 7.5 11.25
3251.734 -11.25 -7.5 -3.75 0 3.75 7.5 11.25
3307.984 -11.25 -7.5 -3.75 0 3.75 7.5 11.25
3878.886 -11.25 -7.5 -3.75 0 3.75 7.5 11.25
3935.136 -11.25 -7.5 -3.75 0 3.75 7.5 11.25
4047.636 -11.25 -7.5 -3.75 0 3.75 7.5 11.25
4103.886 -11.25 -7.5 -3.75 0 3.75 7.5 11.25
4328.886 -11.25 -7.5 -3.75 0 3.75 7.5 11.25
7273.408 -11.25 -7.5 -3.75 0 3.75 7.5 11.25
