-1.0 -0.225 -0.15 -0.075 0 -0.075 -0.15 -0.225 
592.898 -0.225 -0.15 -0.075 0 -0.075 -0.15 -0.225 
772.898 0.225 0.15 0.075 0 -0.075 -0.15 -0.225 
817.898 0.3375 0.225 0.1125 0 -0.1125 -0.225 -0.3375 
907.898 0.5625 0.375 0.1875 0 -0.1875 -0.375 -0.5625 
1580.52 0.5625 0.375 0.1875 0 -0.1875 -0.375 -0.5625 
1670.52 0.3375 0.225 0.1125 0 -0.1125 -0.225 -0.3375 
1715.52 0.225 0.15 0.075 0 -0.075 -0.15 -0.225 
1895.52 -0.225 -0.15 -0.075 0 -0.075 -0.15 -0.225 
2997.984 -0.225 -0.15 -0.075 0 -0.075 -0.15 -0.225 
3177.984 -0.225 -0.15 -0.075 0 0.075 0.15 0.225 
3222.984 -0.3375 -0.225 -0.1125 0 0.1125 0.225 0.3375 
3312.984 -0.5625 -0.375 -0.1875 0 0.1875 0.375 0.5625 
3357.984 -0.675 -0.45 -0.225 0 0.225 0.45 0.675 
3828.886 -0.675 -0.45 -0.225 0 0.225 0.45 0.675 
3873.886 -0.5625 -0.375 -0.1875 0 0.1875 0.375 0.5625 
3963.886 -0.3375 -0.225 -0.1125 0 0.1125 0.225 0.3375 
4008.886 -0.225 -0.15 -0.075 0 0.075 0.15 0.225 
4188.886 -0.225 -0.15 -0.075 0 -0.075 -0.15 -0.225 
7273.408 -0.225 -0.15 -0.075 0 -0.075 -0.15 -0.225 
