-1.0 -11.25 -7.5 -3.75 0 3.75 7.5 11.25
647.898 -11.25 -7.5 -3.75 0 3.75 7.5 11.25
796.47 -11.25 -7.5 -3.75 0 3.75 7.5 11.25
833.613 -11.25 -7.5 -3.75 0 3.75 7.5 11.25
907.898 -11.25 -7.5 -3.75 0 3.75 7.5 11.25
1580.52 -11.25 -7.5 -3.75 0 3.75 7.5 11.25
1654.805 -11.25 -7.5 -3.75 0 3.75 7.5 11.25
1691.948 -11.25 -7.5 -3.75 0 3.75 7.5 11.25
1840.52 -11.25 -7.5 -3.75 0 3.75 7.5 11.25
3057.984 -11.25 -7.5 -3.75 0 3.75 7.5 11.25
3207.984 -11.25 -7.5 -3.75 0 3.75 7.5 11.25
3245.484 -11.25 -7.5 -3.75 0 3.75 7.5 11.25
3320.484 -11.25 -7.5 -3.75 0 3.75 7.5 11.25
3357.984 -11.25 -7.5 -3.75 0 3.75 7.5 11.25
3828.886 -11.25 -7.5 -3.75 0 3.75 7.5 11.25
3866.386 -11.25 -7.5 -3.75 0 3.75 7.5 11.25
3941.386 -11.25 -7.5 -3.75 0 3.75 7.5 11.25
3978.886 -11.25 -7.5 -3.75 0 3.75 7.5 11.25
4128.886 -11.25 -7.5 -3.75 0 3.75 7.5 11.25
7273.408 -11.25 -7.5 -3.75 0 3.75 7.5 11.25
