-1.0 -11.25 -7.5 -3.75 0 3.75 7.5 11.25
207.898 -11.25 -7.5 -3.75 0 3.75 7.5 11.25
387.898 -11.25 -7.5 -3.75 0 3.75 7.5 11.25
432.898 -11.25 -7.5 -3.75 0 3.75 7.5 11.25
522.898 -11.25 -7.5 -3.75 0 3.75 7.5 11.25
1965.52 -11.25 -7.5 -3.75 0 3.75 7.5 11.25
2055.52 -11.25 -7.5 -3.75 0 3.75 7.5 11.25
2100.52 -11.25 -7.5 -3.75 0 3.75 7.5 11.25
2280.52 -11.25 -7.5 -3.75 0 3.75 7.5 11.25
2857.984 -11.25 -7.5 -3.75 0 3.75 7.5 11.25
3037.984 -11.25 -7.5 -3.75 0 3.75 7.5 11.25
3082.984 -11.25 -7.5 -3.75 0 3.75 7.5 11.25
3172.984 -11.25 -7.5 -3.75 0 3.75 7.5 11.25
3217.984 -11.25 -7.5 -3.75 0 3.75 7.5 11.25
3968.886 -11.25 -7.5 -3.75 0 3.75 7.5 11.25
4013.886 -11.25 -7.5 -3.75 0 3.75 7.5 11.25
4103.886 -11.25 -7.5 -3.75 0 3.75 7.5 11.25
4148.886 -11.25 -7.5 -3.75 0 3.75 7.5 11.25
4328.886 -11.25 -7.5 -3.75 0 3.75 7.5 11.25
7273.408 -11.25 -7.5 -3.75 0 3.75 7.5 11.25
