-1.0 -11.25 -7.5 -3.75 0 3.75 7.5 11.25
512.898 -11.25 -7.5 -3.75 0 3.75 7.5 11.25
738.613 -11.25 -7.5 -3.75 0 3.75 7.5 11.25
795.041 -11.25 -7.5 -3.75 0 3.75 7.5 11.25
907.898 -11.25 -7.5 -3.75 0 3.75 7.5 11.25
1580.52 -11.25 -7.5 -3.75 0 3.75 7.5 11.25
1693.377 -11.25 -7.5 -3.75 0 3.75 7.5 11.25
1749.805 -11.25 -7.5 -3.75 0 3.75 7.5 11.25
1975.52 -11.25 -7.5 -3.75 0 3.75 7.5 11.25
2907.984 -11.25 -7.5 -3.75 0 3.75 7.5 11.25
3132.984 -11.25 -7.5 -3.75 0 3.75 7.5 11.25
3189.234 -11.25 -7.5 -3.75 0 3.75 7.5 11.25
3301.734 -11.25 -7.5 -3.75 0 3.75 7.5 11.25
3357.984 -11.25 -7.5 -3.75 0 3.75 7.5 11.25
3828.886 -11.25 -7.5 -3.75 0 3.75 7.5 11.25
3885.136 -11.25 -7.5 -3.75 0 3.75 7.5 11.25
3997.636 -11.25 -7.5 -3.75 0 3.75 7.5 11.25
4053.886 -11.25 -7.5 -3.75 0 3.75 7.5 11.25
4278.886 -11.25 -7.5 -3.75 0 3.75 7.5 11.25
7273.408 -11.25 -7.5 -3.75 0 3.75 7.5 11.25
