-1.0 -0.225 -0.15 -0.075 0.0 -0.075 -0.15 -0.225 
323.449 -0.225 -0.15 -0.075 0.0 -0.075 -0.15 -0.225 
647.898 -0.225 -0.15 -0.075 0 -0.075 -0.15 -0.225 
652.898 -0.224137 -0.149425 -0.074712 0 -0.075123 -0.150246 -0.22537 
657.898 -0.221595 -0.14773 -0.073865 0 -0.075486 -0.150973 -0.226459 
662.898 -0.217439 -0.144959 -0.07248 0 -0.07608 -0.15216 -0.22824 
667.898 -0.211738 -0.141158 -0.070579 0 -0.076895 -0.153789 -0.230684 
672.898 -0.204558 -0.136372 -0.068186 0 -0.07792 -0.155841 -0.233761 
677.898 -0.195966 -0.130644 -0.065322 0 -0.079148 -0.158295 -0.237443 
682.898 -0.18603 -0.12402 -0.06201 0 -0.080567 -0.161134 -0.241701 
687.898 -0.174818 -0.116545 -0.058273 0 -0.082169 -0.164338 -0.246507 
692.898 -0.162396 -0.108264 -0.054132 0 -0.083943 -0.167887 -0.25183 
697.898 -0.148831 -0.099221 -0.04961 0 -0.085881 -0.171763 -0.257644 
702.898 -0.134191 -0.08946 -0.04473 0 -0.087973 -0.175946 -0.263918 
707.898 -0.118542 -0.079028 -0.039514 0 -0.090208 -0.180416 -0.270625 
712.898 -0.101953 -0.067969 -0.033984 0 -0.092578 -0.185156 -0.277734 
717.898 -0.08449 -0.056327 -0.028163 0 -0.095073 -0.190146 -0.285218 
722.898 -0.066221 -0.044147 -0.022074 0 -0.097683 -0.195365 -0.293048 
727.898 -0.047212 -0.031475 -0.015737 0 -0.100398 -0.200797 -0.301195 
732.898 -0.027531 -0.018354 -0.009177 0 -0.10321 -0.20642 -0.309629 
737.898 -0.007246 -0.00483 -0.002415 0 -0.106108 -0.212216 -0.318323 
742.898 0.013578 0.009052 0.004526 0 -0.109083 -0.218165 -0.327248 
747.898 0.034871 0.023248 0.011624 0 -0.112124 -0.224249 -0.336373 
752.898 0.056568 0.037712 0.018856 0 -0.115224 -0.230448 -0.345672 
757.898 0.078602 0.052401 0.026201 0 -0.118372 -0.236743 -0.355115 
762.898 0.100903 0.067269 0.033634 0 -0.121558 -0.243115 -0.364673 
767.898 0.123407 0.082271 0.041136 0 -0.124772 -0.249545 -0.374317 
772.898 0.146045 0.097363 0.048682 0 -0.128006 -0.256013 -0.384019 
777.898 0.16875 0.1125 0.05625 0 -0.13125 -0.2625 -0.39375 
782.898 0.191455 0.127637 0.063818 0 -0.134494 -0.268987 -0.403481 
787.898 0.214093 0.142729 0.071364 0 -0.137728 -0.275455 -0.413183 
792.898 0.236597 0.157731 0.078866 0 -0.140942 -0.281885 -0.422827 
797.898 0.258898 0.172599 0.086299 0 -0.144128 -0.288257 -0.432385 
802.898 0.280932 0.187288 0.093644 0 -0.147276 -0.294552 -0.441828 
807.898 0.302629 0.201752 0.100876 0 -0.150376 -0.300751 -0.451127 
812.898 0.323922 0.215948 0.107974 0 -0.153417 -0.306835 -0.460252 
817.898 0.344746 0.22983 0.114915 0 -0.156392 -0.312784 -0.469177 
822.898 0.365031 0.243354 0.121677 0 -0.15929 -0.31858 -0.477871 
827.898 0.384712 0.256475 0.128237 0 -0.162102 -0.324203 -0.486305 
832.898 0.403721 0.269147 0.134574 0 -0.164817 -0.329635 -0.494452 
837.898 0.42199 0.281327 0.140663 0 -0.167427 -0.334854 -0.502282 
842.898 0.439453 0.292969 0.146484 0 -0.169922 -0.339844 -0.509766 
847.898 0.456042 0.304028 0.152014 0 -0.172292 -0.344584 -0.516875 
852.898 0.471691 0.31446 0.15723 0 -0.174527 -0.349054 -0.523582 
857.898 0.486331 0.324221 0.16211 0 -0.176619 -0.353237 -0.529856 
862.898 0.499896 0.333264 0.166632 0 -0.178557 -0.357113 -0.53567 
867.898 0.512318 0.341545 0.170773 0 -0.180331 -0.360662 -0.540993 
872.898 0.52353 0.34902 0.17451 0 -0.181933 -0.363866 -0.545799 
877.898 0.533466 0.355644 0.177822 0 -0.183352 -0.366705 -0.550057 
882.898 0.542058 0.361372 0.180686 0 -0.18458 -0.369159 -0.553739 
887.898 0.549238 0.366158 0.183079 0 -0.185605 -0.371211 -0.556816 
892.898 0.554939 0.369959 0.18498 0 -0.18642 -0.37284 -0.55926 
897.898 0.559095 0.37273 0.186365 0 -0.187014 -0.374027 -0.561041 
902.898 0.561637 0.374425 0.187212 0 -0.187377 -0.374754 -0.56213 
907.898 0.5625 0.375 0.1875 0.0 -0.1875 -0.375 -0.5625 
1244.209 0.5625 0.375 0.1875 0.0 -0.1875 -0.375 -0.5625 
1580.52 0.5625 0.375 0.1875 0 -0.1875 -0.375 -0.5625 
1585.52 0.561637 0.374425 0.187212 0 -0.187377 -0.374754 -0.56213 
1590.52 0.559095 0.37273 0.186365 0 -0.187014 -0.374027 -0.561041 
1595.52 0.554939 0.369959 0.18498 0 -0.18642 -0.37284 -0.55926 
1600.52 0.549238 0.366158 0.183079 0 -0.185605 -0.371211 -0.556816 
1605.52 0.542058 0.361372 0.180686 0 -0.18458 -0.369159 -0.553739 
1610.52 0.533466 0.355644 0.177822 0 -0.183352 -0.366705 -0.550057 
1615.52 0.52353 0.34902 0.17451 0 -0.181933 -0.363866 -0.545799 
1620.52 0.512318 0.341545 0.170773 0 -0.180331 -0.360662 -0.540993 
1625.52 0.499896 0.333264 0.166632 0 -0.178557 -0.357113 -0.53567 
1630.52 0.486331 0.324221 0.16211 0 -0.176619 -0.353237 -0.529856 
1635.52 0.471691 0.31446 0.15723 0 -0.174527 -0.349054 -0.523582 
1640.52 0.456042 0.304028 0.152014 0 -0.172292 -0.344584 -0.516875 
1645.52 0.439453 0.292969 0.146484 0 -0.169922 -0.339844 -0.509766 
1650.52 0.42199 0.281327 0.140663 0 -0.167427 -0.334854 -0.502282 
1655.52 0.403721 0.269147 0.134574 0 -0.164817 -0.329635 -0.494452 
1660.52 0.384712 0.256475 0.128237 0 -0.162102 -0.324203 -0.486305 
1665.52 0.365031 0.243354 0.121677 0 -0.15929 -0.31858 -0.477871 
1670.52 0.344746 0.22983 0.114915 0 -0.156392 -0.312784 -0.469177 
1675.52 0.323922 0.215948 0.107974 0 -0.153417 -0.306835 -0.460252 
1680.52 0.302629 0.201752 0.100876 0 -0.150376 -0.300751 -0.451127 
1685.52 0.280932 0.187288 0.093644 0 -0.147276 -0.294552 -0.441828 
1690.52 0.258898 0.172599 0.086299 0 -0.144128 -0.288257 -0.432385 
1695.52 0.236597 0.157731 0.078866 0 -0.140942 -0.281885 -0.422827 
1700.52 0.214093 0.142729 0.071364 0 -0.137728 -0.275455 -0.413183 
1705.52 0.191455 0.127637 0.063818 0 -0.134494 -0.268987 -0.403481 
1710.52 0.16875 0.1125 0.05625 0 -0.13125 -0.2625 -0.39375 
1715.52 0.146045 0.097363 0.048682 0 -0.128006 -0.256013 -0.384019 
1720.52 0.123407 0.082271 0.041136 0 -0.124772 -0.249545 -0.374317 
1725.52 0.100903 0.067269 0.033634 0 -0.121558 -0.243115 -0.364673 
1730.52 0.078602 0.052401 0.026201 0 -0.118372 -0.236743 -0.355115 
1735.52 0.056568 0.037712 0.018856 0 -0.115224 -0.230448 -0.345672 
1740.52 0.034871 0.023248 0.011624 0 -0.112124 -0.224249 -0.336373 
1745.52 0.013578 0.009052 0.004526 0 -0.109083 -0.218165 -0.327248 
1750.52 -0.007246 -0.00483 -0.002415 0 -0.106108 -0.212216 -0.318323 
1755.52 -0.027531 -0.018354 -0.009177 0 -0.10321 -0.20642 -0.309629 
1760.52 -0.047212 -0.031475 -0.015737 0 -0.100398 -0.200797 -0.301195 
1765.52 -0.066221 -0.044147 -0.022074 0 -0.097683 -0.195365 -0.293048 
1770.52 -0.08449 -0.056327 -0.028163 0 -0.095073 -0.190146 -0.285218 
1775.52 -0.101953 -0.067969 -0.033984 0 -0.092578 -0.185156 -0.277734 
1780.52 -0.118542 -0.079028 -0.039514 0 -0.090208 -0.180416 -0.270625 
1785.52 -0.134191 -0.08946 -0.04473 0 -0.087973 -0.175946 -0.263918 
1790.52 -0.148831 -0.099221 -0.04961 0 -0.085881 -0.171763 -0.257644 
1795.52 -0.162396 -0.108264 -0.054132 0 -0.083943 -0.167887 -0.25183 
1800.52 -0.174818 -0.116545 -0.058273 0 -0.082169 -0.164338 -0.246507 
1805.52 -0.18603 -0.12402 -0.06201 0 -0.080567 -0.161134 -0.241701 
1810.52 -0.195966 -0.130644 -0.065322 0 -0.079148 -0.158295 -0.237443 
1815.52 -0.204558 -0.136372 -0.068186 0 -0.07792 -0.155841 -0.233761 
1820.52 -0.211738 -0.141158 -0.070579 0 -0.076895 -0.153789 -0.230684 
1825.52 -0.217439 -0.144959 -0.07248 0 -0.07608 -0.15216 -0.22824 
1830.52 -0.221595 -0.14773 -0.073865 0 -0.075486 -0.150973 -0.226459 
1835.52 -0.224137 -0.149425 -0.074712 0 -0.075123 -0.150246 -0.22537 
1840.52 -0.225 -0.15 -0.075 0.0 -0.075 -0.15 -0.225 
2449.252 -0.225 -0.15 -0.075 0.0 -0.075 -0.15 -0.225 
3057.984 -0.225 -0.15 -0.075 0 -0.075 -0.15 -0.225 
3062.984 -0.225371 -0.150247 -0.075124 0 -0.074753 -0.149506 -0.224258 
3067.984 -0.226467 -0.150978 -0.075489 0 -0.074022 -0.148044 -0.222067 
3072.984 -0.228263 -0.152175 -0.076088 0 -0.072825 -0.14565 -0.218475 
3077.984 -0.230733 -0.153822 -0.076911 0 -0.071178 -0.142356 -0.213533 
3082.984 -0.233854 -0.155903 -0.077951 0 -0.069097 -0.138194 -0.207292 
3087.984 -0.2376 -0.1584 -0.0792 0 -0.0666 -0.1332 -0.1998 
3092.984 -0.241946 -0.161297 -0.080649 0 -0.063703 -0.127406 -0.191108 
3097.984 -0.246867 -0.164578 -0.082289 0 -0.060422 -0.120844 -0.181267 
3102.984 -0.252338 -0.168225 -0.084113 0 -0.056775 -0.11355 -0.170325 
3107.984 -0.258333 -0.172222 -0.086111 0 -0.052778 -0.105556 -0.158333 
3112.984 -0.264829 -0.176553 -0.088276 0 -0.048447 -0.096894 -0.145342 
3117.984 -0.2718 -0.1812 -0.0906 0 -0.0438 -0.0876 -0.1314 
3122.984 -0.279221 -0.186147 -0.093074 0 -0.038853 -0.077706 -0.116558 
3127.984 -0.287067 -0.191378 -0.095689 0 -0.033622 -0.067244 -0.100867 
3132.984 -0.295313 -0.196875 -0.098438 0 -0.028125 -0.05625 -0.084375 
3137.984 -0.303933 -0.202622 -0.101311 0 -0.022378 -0.044756 -0.067133 
3142.984 -0.312904 -0.208603 -0.104301 0 -0.016397 -0.032794 -0.049192 
3147.984 -0.3222 -0.2148 -0.1074 0 -0.0102 -0.0204 -0.0306 
3152.984 -0.331796 -0.221197 -0.110599 0 -0.003803 -0.007606 -0.011408 
3157.984 -0.341667 -0.227778 -0.113889 0 0.002778 0.005556 0.008333 
3162.984 -0.351788 -0.234525 -0.117263 0 0.009525 0.01905 0.028575 
3167.984 -0.362133 -0.241422 -0.120711 0 0.016422 0.032844 0.049267 
3172.984 -0.372679 -0.248453 -0.124226 0 0.023453 0.046906 0.070358 
3177.984 -0.3834 -0.2556 -0.1278 0 0.0306 0.0612 0.0918 
3182.984 -0.394271 -0.262847 -0.131424 0 0.037847 0.075694 0.113542 
3187.984 -0.405267 -0.270178 -0.135089 0 0.045178 0.090356 0.135533 
3192.984 -0.416363 -0.277575 -0.138788 0 0.052575 0.10515 0.157725 
3197.984 -0.427533 -0.285022 -0.142511 0 0.060022 0.120044 0.180067 
3202.984 -0.438754 -0.292503 -0.146251 0 0.067503 0.135006 0.202508 
3207.984 -0.45 -0.3 -0.15 0 0.075 0.15 0.225 
3212.984 -0.461246 -0.307497 -0.153749 0 0.082497 0.164994 0.247492 
3217.984 -0.472467 -0.314978 -0.157489 0 0.089978 0.179956 0.269933 
3222.984 -0.483638 -0.322425 -0.161213 0 0.097425 0.19485 0.292275 
3227.984 -0.494733 -0.329822 -0.164911 0 0.104822 0.209644 0.314467 
3232.984 -0.505729 -0.337153 -0.168576 0 0.112153 0.224306 0.336458 
3237.984 -0.5166 -0.3444 -0.1722 0 0.1194 0.2388 0.3582 
3242.984 -0.527321 -0.351547 -0.175774 0 0.126547 0.253094 0.379642 
3247.984 -0.537867 -0.358578 -0.179289 0 0.133578 0.267156 0.400733 
3252.984 -0.548213 -0.365475 -0.182738 0 0.140475 0.28095 0.421425 
3257.984 -0.558333 -0.372222 -0.186111 0 0.147222 0.294444 0.441667 
3262.984 -0.568204 -0.378803 -0.189401 0 0.153803 0.307606 0.461408 
3267.984 -0.5778 -0.3852 -0.1926 0 0.1602 0.3204 0.4806 
3272.984 -0.587096 -0.391397 -0.195699 0 0.166397 0.332794 0.499192 
3277.984 -0.596067 -0.397378 -0.198689 0 0.172378 0.344756 0.517133 
3282.984 -0.604688 -0.403125 -0.201563 0 0.178125 0.35625 0.534375 
3287.984 -0.612933 -0.408622 -0.204311 0 0.183622 0.367244 0.550867 
3292.984 -0.620779 -0.413853 -0.206926 0 0.188853 0.377706 0.566558 
3297.984 -0.6282 -0.4188 -0.2094 0 0.1938 0.3876 0.5814 
3302.984 -0.635171 -0.423447 -0.211724 0 0.198447 0.396894 0.595342 
3307.984 -0.641667 -0.427778 -0.213889 0 0.202778 0.405556 0.608333 
3312.984 -0.647663 -0.431775 -0.215888 0 0.206775 0.41355 0.620325 
3317.984 -0.653133 -0.435422 -0.217711 0 0.210422 0.420844 0.631267 
3322.984 -0.658054 -0.438703 -0.219351 0 0.213703 0.427406 0.641108 
3327.984 -0.6624 -0.4416 -0.2208 0 0.2166 0.4332 0.6498 
3332.984 -0.666146 -0.444097 -0.222049 0 0.219097 0.438194 0.657292 
3337.984 -0.669267 -0.446178 -0.223089 0 0.221178 0.442356 0.663533 
3342.984 -0.671738 -0.447825 -0.223913 0 0.222825 0.44565 0.668475 
3347.984 -0.673533 -0.449022 -0.224511 0 0.224022 0.448044 0.672067 
3352.984 -0.674629 -0.449753 -0.224876 0 0.224753 0.449506 0.674258 
3357.984 -0.675 -0.45 -0.225 0.0 0.225 0.45 0.675 
3593.435 -0.675 -0.45 -0.225 0.0 0.225 0.45 0.675 
3828.886 -0.675 -0.45 -0.225 0 0.225 0.45 0.675 
3833.886 -0.674629 -0.449753 -0.224876 0 0.224753 0.449506 0.674258 
3838.886 -0.673533 -0.449022 -0.224511 0 0.224022 0.448044 0.672067 
3843.886 -0.671738 -0.447825 -0.223913 0 0.222825 0.44565 0.668475 
3848.886 -0.669267 -0.446178 -0.223089 0 0.221178 0.442356 0.663533 
3853.886 -0.666146 -0.444097 -0.222049 0 0.219097 0.438194 0.657292 
3858.886 -0.6624 -0.4416 -0.2208 0 0.2166 0.4332 0.6498 
3863.886 -0.658054 -0.438703 -0.219351 0 0.213703 0.427406 0.641108 
3868.886 -0.653133 -0.435422 -0.217711 0 0.210422 0.420844 0.631267 
3873.886 -0.647663 -0.431775 -0.215888 0 0.206775 0.41355 0.620325 
3878.886 -0.641667 -0.427778 -0.213889 0 0.202778 0.405556 0.608333 
3883.886 -0.635171 -0.423447 -0.211724 0 0.198447 0.396894 0.595342 
3888.886 -0.6282 -0.4188 -0.2094 0 0.1938 0.3876 0.5814 
3893.886 -0.620779 -0.413853 -0.206926 0 0.188853 0.377706 0.566558 
3898.886 -0.612933 -0.408622 -0.204311 0 0.183622 0.367244 0.550867 
3903.886 -0.604688 -0.403125 -0.201563 0 0.178125 0.35625 0.534375 
3908.886 -0.596067 -0.397378 -0.198689 0 0.172378 0.344756 0.517133 
3913.886 -0.587096 -0.391397 -0.195699 0 0.166397 0.332794 0.499192 
3918.886 -0.5778 -0.3852 -0.1926 0 0.1602 0.3204 0.4806 
3923.886 -0.568204 -0.378803 -0.189401 0 0.153803 0.307606 0.461408 
3928.886 -0.558333 -0.372222 -0.186111 0 0.147222 0.294444 0.441667 
3933.886 -0.548213 -0.365475 -0.182738 0 0.140475 0.28095 0.421425 
3938.886 -0.537867 -0.358578 -0.179289 0 0.133578 0.267156 0.400733 
3943.886 -0.527321 -0.351547 -0.175774 0 0.126547 0.253094 0.379642 
3948.886 -0.5166 -0.3444 -0.1722 0 0.1194 0.2388 0.3582 
3953.886 -0.505729 -0.337153 -0.168576 0 0.112153 0.224306 0.336458 
3958.886 -0.494733 -0.329822 -0.164911 0 0.104822 0.209644 0.314467 
3963.886 -0.483638 -0.322425 -0.161213 0 0.097425 0.19485 0.292275 
3968.886 -0.472467 -0.314978 -0.157489 0 0.089978 0.179956 0.269933 
3973.886 -0.461246 -0.307497 -0.153749 0 0.082497 0.164994 0.247492 
3978.886 -0.45 -0.3 -0.15 0 0.075 0.15 0.225 
3983.886 -0.438754 -0.292503 -0.146251 0 0.067503 0.135006 0.202508 
3988.886 -0.427533 -0.285022 -0.142511 0 0.060022 0.120044 0.180067 
3993.886 -0.416363 -0.277575 -0.138788 0 0.052575 0.10515 0.157725 
3998.886 -0.405267 -0.270178 -0.135089 0 0.045178 0.090356 0.135533 
4003.886 -0.394271 -0.262847 -0.131424 0 0.037847 0.075694 0.113542 
4008.886 -0.3834 -0.2556 -0.1278 0 0.0306 0.0612 0.0918 
4013.886 -0.372679 -0.248453 -0.124226 0 0.023453 0.046906 0.070358 
4018.886 -0.362133 -0.241422 -0.120711 0 0.016422 0.032844 0.049267 
4023.886 -0.351788 -0.234525 -0.117263 0 0.009525 0.01905 0.028575 
4028.886 -0.341667 -0.227778 -0.113889 0 0.002778 0.005556 0.008333 
4033.886 -0.331796 -0.221197 -0.110599 0 -0.003803 -0.007606 -0.011408 
4038.886 -0.3222 -0.2148 -0.1074 0 -0.0102 -0.0204 -0.0306 
4043.886 -0.312904 -0.208603 -0.104301 0 -0.016397 -0.032794 -0.049192 
4048.886 -0.303933 -0.202622 -0.101311 0 -0.022378 -0.044756 -0.067133 
4053.886 -0.295313 -0.196875 -0.098438 0 -0.028125 -0.05625 -0.084375 
4058.886 -0.287067 -0.191378 -0.095689 0 -0.033622 -0.067244 -0.100867 
4063.886 -0.279221 -0.186147 -0.093074 0 -0.038853 -0.077706 -0.116558 
4068.886 -0.2718 -0.1812 -0.0906 0 -0.0438 -0.0876 -0.1314 
4073.886 -0.264829 -0.176553 -0.088276 0 -0.048447 -0.096894 -0.145342 
4078.886 -0.258333 -0.172222 -0.086111 0 -0.052778 -0.105556 -0.158333 
4083.886 -0.252338 -0.168225 -0.084113 0 -0.056775 -0.11355 -0.170325 
4088.886 -0.246867 -0.164578 -0.082289 0 -0.060422 -0.120844 -0.181267 
4093.886 -0.241946 -0.161297 -0.080649 0 -0.063703 -0.127406 -0.191108 
4098.886 -0.2376 -0.1584 -0.0792 0 -0.0666 -0.1332 -0.1998 
4103.886 -0.233854 -0.155903 -0.077951 0 -0.069097 -0.138194 -0.207292 
4108.886 -0.230733 -0.153822 -0.076911 0 -0.071178 -0.142356 -0.213533 
4113.886 -0.228263 -0.152175 -0.076087 0 -0.072825 -0.14565 -0.218475 
4118.886 -0.226467 -0.150978 -0.075489 0 -0.074022 -0.148044 -0.222067 
4123.886 -0.225371 -0.150247 -0.075124 0 -0.074753 -0.149506 -0.224258 
4128.886 -0.225 -0.15 -0.075 0.0 -0.075 -0.15 -0.225 
5701.147 -0.225 -0.15 -0.075 0.0 -0.075 -0.15 -0.225 
7273.408 -0.225 -0.15 -0.075 0.0 -0.075 -0.15 -0.225 
