-1.0 -11.25 -7.5 -3.75 0 3.75 7.5 11.25
103.449 -11.25 -7.5 -3.75 0 3.75 7.5 11.25
207.898 -11.25 -7.5 -3.75 0 3.75 7.5 11.25
212.898 -11.25 -7.5 -3.75 0 3.75 7.5 11.25
217.898 -11.25 -7.5 -3.75 0 3.75 7.5 11.25
222.898 -11.25 -7.5 -3.75 0 3.75 7.5 11.25
227.898 -11.25 -7.5 -3.75 0 3.75 7.5 11.25
232.898 -11.25 -7.5 -3.75 0 3.75 7.5 11.25
237.898 -11.25 -7.5 -3.75 0 3.75 7.5 11.25
242.898 -11.25 -7.5 -3.75 0 3.75 7.5 11.25
247.898 -11.25 -7.5 -3.75 0 3.75 7.5 11.25
252.898 -11.25 -7.5 -3.75 0 3.75 7.5 11.25
257.898 -11.25 -7.5 -3.75 0 3.75 7.5 11.25
262.898 -11.25 -7.5 -3.75 0 3.75 7.5 11.25
267.898 -11.25 -7.5 -3.75 0 3.75 7.5 11.25
272.898 -11.25 -7.5 -3.75 0 3.75 7.5 11.25
277.898 -11.25 -7.5 -3.75 0 3.75 7.5 11.25
282.898 -11.25 -7.5 -3.75 0 3.75 7.5 11.25
287.898 -11.25 -7.5 -3.75 0 3.75 7.5 11.25
292.898 -11.25 -7.5 -3.75 0 3.75 7.5 11.25
297.898 -11.25 -7.5 -3.75 0 3.75 7.5 11.25
302.898 -11.25 -7.5 -3.75 0 3.75 7.5 11.25
307.898 -11.25 -7.5 -3.75 0 3.75 7.5 11.25
312.898 -11.25 -7.5 -3.75 0 3.75 7.5 11.25
317.898 -11.25 -7.5 -3.75 0 3.75 7.5 11.25
322.898 -11.25 -7.5 -3.75 0 3.75 7.5 11.25
327.898 -11.25 -7.5 -3.75 0 3.75 7.5 11.25
332.898 -11.25 -7.5 -3.75 0 3.75 7.5 11.25
337.898 -11.25 -7.5 -3.75 0 3.75 7.5 11.25
342.898 -11.25 -7.5 -3.75 0 3.75 7.5 11.25
347.898 -11.25 -7.5 -3.75 0 3.75 7.5 11.25
352.898 -11.25 -7.5 -3.75 0 3.75 7.5 11.25
357.898 -11.25 -7.5 -3.75 0 3.75 7.5 11.25
362.898 -11.25 -7.5 -3.75 0 3.75 7.5 11.25
367.898 -11.25 -7.5 -3.75 0 3.75 7.5 11.25
372.898 -11.25 -7.5 -3.75 0 3.75 7.5 11.25
377.898 -11.25 -7.5 -3.75 0 3.75 7.5 11.25
382.898 -11.25 -7.5 -3.75 0 3.75 7.5 11.25
387.898 -11.25 -7.5 -3.75 0 3.75 7.5 11.25
392.898 -11.25 -7.5 -3.75 0 3.75 7.5 11.25
397.898 -11.25 -7.5 -3.75 0 3.75 7.5 11.25
402.898 -11.25 -7.5 -3.75 0 3.75 7.5 11.25
407.898 -11.25 -7.5 -3.75 0 3.75 7.5 11.25
412.898 -11.25 -7.5 -3.75 0 3.75 7.5 11.25
417.898 -11.25 -7.5 -3.75 0 3.75 7.5 11.25
422.898 -11.25 -7.5 -3.75 0 3.75 7.5 11.25
427.898 -11.25 -7.5 -3.75 0 3.75 7.5 11.25
432.898 -11.25 -7.5 -3.75 0 3.75 7.5 11.25
437.898 -11.25 -7.5 -3.75 0 3.75 7.5 11.25
442.898 -11.25 -7.5 -3.75 0 3.75 7.5 11.25
447.898 -11.25 -7.5 -3.75 0 3.75 7.5 11.25
452.898 -11.25 -7.5 -3.75 0 3.75 7.5 11.25
457.898 -11.25 -7.5 -3.75 0 3.75 7.5 11.25
462.898 -11.25 -7.5 -3.75 0 3.75 7.5 11.25
467.898 -11.25 -7.5 -3.75 0 3.75 7.5 11.25
1244.209 -11.25 -7.5 -3.75 0 3.75 7.5 11.25
2020.52 -11.25 -7.5 -3.75 0 3.75 7.5 11.25
2025.52 -11.25 -7.5 -3.75 0 3.75 7.5 11.25
2030.52 -11.25 -7.5 -3.75 0 3.75 7.5 11.25
2035.52 -11.25 -7.5 -3.75 0 3.75 7.5 11.25
2040.52 -11.25 -7.5 -3.75 0 3.75 7.5 11.25
2045.52 -11.25 -7.5 -3.75 0 3.75 7.5 11.25
2050.52 -11.25 -7.5 -3.75 0 3.75 7.5 11.25
2055.52 -11.25 -7.5 -3.75 0 3.75 7.5 11.25
2060.52 -11.25 -7.5 -3.75 0 3.75 7.5 11.25
2065.52 -11.25 -7.5 -3.75 0 3.75 7.5 11.25
2070.52 -11.25 -7.5 -3.75 0 3.75 7.5 11.25
2075.52 -11.25 -7.5 -3.75 0 3.75 7.5 11.25
2080.52 -11.25 -7.5 -3.75 0 3.75 7.5 11.25
2085.52 -11.25 -7.5 -3.75 0 3.75 7.5 11.25
2090.52 -11.25 -7.5 -3.75 0 3.75 7.5 11.25
2095.52 -11.25 -7.5 -3.75 0 3.75 7.5 11.25
2100.52 -11.25 -7.5 -3.75 0 3.75 7.5 11.25
2105.52 -11.25 -7.5 -3.75 0 3.75 7.5 11.25
2110.52 -11.25 -7.5 -3.75 0 3.75 7.5 11.25
2115.52 -11.25 -7.5 -3.75 0 3.75 7.5 11.25
2120.52 -11.25 -7.5 -3.75 0 3.75 7.5 11.25
2125.52 -11.25 -7.5 -3.75 0 3.75 7.5 11.25
2130.52 -11.25 -7.5 -3.75 0 3.75 7.5 11.25
2135.52 -11.25 -7.5 -3.75 0 3.75 7.5 11.25
2140.52 -11.25 -7.5 -3.75 0 3.75 7.5 11.25
2145.52 -11.25 -7.5 -3.75 0 3.75 7.5 11.25
2150.52 -11.25 -7.5 -3.75 0 3.75 7.5 11.25
2155.52 -11.25 -7.5 -3.75 0 3.75 7.5 11.25
2160.52 -11.25 -7.5 -3.75 0 3.75 7.5 11.25
2165.52 -11.25 -7.5 -3.75 0 3.75 7.5 11.25
2170.52 -11.25 -7.5 -3.75 0 3.75 7.5 11.25
2175.52 -11.25 -7.5 -3.75 0 3.75 7.5 11.25
2180.52 -11.25 -7.5 -3.75 0 3.75 7.5 11.25
2185.52 -11.25 -7.5 -3.75 0 3.75 7.5 11.25
2190.52 -11.25 -7.5 -3.75 0 3.75 7.5 11.25
2195.52 -11.25 -7.5 -3.75 0 3.75 7.5 11.25
2200.52 -11.25 -7.5 -3.75 0 3.75 7.5 11.25
2205.52 -11.25 -7.5 -3.75 0 3.75 7.5 11.25
2210.52 -11.25 -7.5 -3.75 0 3.75 7.5 11.25
2215.52 -11.25 -7.5 -3.75 0 3.75 7.5 11.25
2220.52 -11.25 -7.5 -3.75 0 3.75 7.5 11.25
2225.52 -11.25 -7.5 -3.75 0 3.75 7.5 11.25
2230.52 -11.25 -7.5 -3.75 0 3.75 7.5 11.25
2235.52 -11.25 -7.5 -3.75 0 3.75 7.5 11.25
2240.52 -11.25 -7.5 -3.75 0 3.75 7.5 11.25
2245.52 -11.25 -7.5 -3.75 0 3.75 7.5 11.25
2250.52 -11.25 -7.5 -3.75 0 3.75 7.5 11.25
2255.52 -11.25 -7.5 -3.75 0 3.75 7.5 11.25
2260.52 -11.25 -7.5 -3.75 0 3.75 7.5 11.25
2265.52 -11.25 -7.5 -3.75 0 3.75 7.5 11.25
2270.52 -11.25 -7.5 -3.75 0 3.75 7.5 11.25
2275.52 -11.25 -7.5 -3.75 0 3.75 7.5 11.25
2280.52 -11.25 -7.5 -3.75 0 3.75 7.5 11.25
2569.252 -11.25 -7.5 -3.75 0 3.75 7.5 11.25
2857.984 -11.25 -7.5 -3.75 0 3.75 7.5 11.25
2862.984 -11.25 -7.5 -3.75 0 3.75 7.5 11.25
2867.984 -11.25 -7.5 -3.75 0 3.75 7.5 11.25
2872.984 -11.25 -7.5 -3.75 0 3.75 7.5 11.25
2877.984 -11.25 -7.5 -3.75 0 3.75 7.5 11.25
2882.984 -11.25 -7.5 -3.75 0 3.75 7.5 11.25
2887.984 -11.25 -7.5 -3.75 0 3.75 7.5 11.25
2892.984 -11.25 -7.5 -3.75 0 3.75 7.5 11.25
2897.984 -11.25 -7.5 -3.75 0 3.75 7.5 11.25
2902.984 -11.25 -7.5 -3.75 0 3.75 7.5 11.25
2907.984 -11.25 -7.5 -3.75 0 3.75 7.5 11.25
2912.984 -11.25 -7.5 -3.75 0 3.75 7.5 11.25
2917.984 -11.25 -7.5 -3.75 0 3.75 7.5 11.25
2922.984 -11.25 -7.5 -3.75 0 3.75 7.5 11.25
2927.984 -11.25 -7.5 -3.75 0 3.75 7.5 11.25
2932.984 -11.25 -7.5 -3.75 0 3.75 7.5 11.25
2937.984 -11.25 -7.5 -3.75 0 3.75 7.5 11.25
2942.984 -11.25 -7.5 -3.75 0 3.75 7.5 11.25
2947.984 -11.25 -7.5 -3.75 0 3.75 7.5 11.25
2952.984 -11.25 -7.5 -3.75 0 3.75 7.5 11.25
2957.984 -11.25 -7.5 -3.75 0 3.75 7.5 11.25
2962.984 -11.25 -7.5 -3.75 0 3.75 7.5 11.25
2967.984 -11.25 -7.5 -3.75 0 3.75 7.5 11.25
2972.984 -11.25 -7.5 -3.75 0 3.75 7.5 11.25
2977.984 -11.25 -7.5 -3.75 0 3.75 7.5 11.25
2982.984 -11.25 -7.5 -3.75 0 3.75 7.5 11.25
2987.984 -11.25 -7.5 -3.75 0 3.75 7.5 11.25
2992.984 -11.25 -7.5 -3.75 0 3.75 7.5 11.25
2997.984 -11.25 -7.5 -3.75 0 3.75 7.5 11.25
3002.984 -11.25 -7.5 -3.75 0 3.75 7.5 11.25
3007.984 -11.25 -7.5 -3.75 0 3.75 7.5 11.25
3012.984 -11.25 -7.5 -3.75 0 3.75 7.5 11.25
3017.984 -11.25 -7.5 -3.75 0 3.75 7.5 11.25
3022.984 -11.25 -7.5 -3.75 0 3.75 7.5 11.25
3027.984 -11.25 -7.5 -3.75 0 3.75 7.5 11.25
3032.984 -11.25 -7.5 -3.75 0 3.75 7.5 11.25
3037.984 -11.25 -7.5 -3.75 0 3.75 7.5 11.25
3042.984 -11.25 -7.5 -3.75 0 3.75 7.5 11.25
3047.984 -11.25 -7.5 -3.75 0 3.75 7.5 11.25
3052.984 -11.25 -7.5 -3.75 0 3.75 7.5 11.25
3057.984 -11.25 -7.5 -3.75 0 3.75 7.5 11.25
3062.984 -11.25 -7.5 -3.75 0 3.75 7.5 11.25
3067.984 -11.25 -7.5 -3.75 0 3.75 7.5 11.25
3072.984 -11.25 -7.5 -3.75 0 3.75 7.5 11.25
3077.984 -11.25 -7.5 -3.75 0 3.75 7.5 11.25
3082.984 -11.25 -7.5 -3.75 0 3.75 7.5 11.25
3087.984 -11.25 -7.5 -3.75 0 3.75 7.5 11.25
3092.984 -11.25 -7.5 -3.75 0 3.75 7.5 11.25
3097.984 -11.25 -7.5 -3.75 0 3.75 7.5 11.25
3102.984 -11.25 -7.5 -3.75 0 3.75 7.5 11.25
3107.984 -11.25 -7.5 -3.75 0 3.75 7.5 11.25
3112.984 -11.25 -7.5 -3.75 0 3.75 7.5 11.25
3117.984 -11.25 -7.5 -3.75 0 3.75 7.5 11.25
3122.984 -11.25 -7.5 -3.75 0 3.75 7.5 11.25
3127.984 -11.25 -7.5 -3.75 0 3.75 7.5 11.25
3132.984 -11.25 -7.5 -3.75 0 3.75 7.5 11.25
3137.984 -11.25 -7.5 -3.75 0 3.75 7.5 11.25
3142.984 -11.25 -7.5 -3.75 0 3.75 7.5 11.25
3147.984 -11.25 -7.5 -3.75 0 3.75 7.5 11.25
3152.984 -11.25 -7.5 -3.75 0 3.75 7.5 11.25
3157.984 -11.25 -7.5 -3.75 0 3.75 7.5 11.25
3593.435 -11.25 -7.5 -3.75 0 3.75 7.5 11.25
4028.886 -11.25 -7.5 -3.75 0 3.75 7.5 11.25
4033.886 -11.25 -7.5 -3.75 0 3.75 7.5 11.25
4038.886 -11.25 -7.5 -3.75 0 3.75 7.5 11.25
4043.886 -11.25 -7.5 -3.75 0 3.75 7.5 11.25
4048.886 -11.25 -7.5 -3.75 0 3.75 7.5 11.25
4053.886 -11.25 -7.5 -3.75 0 3.75 7.5 11.25
4058.886 -11.25 -7.5 -3.75 0 3.75 7.5 11.25
4063.886 -11.25 -7.5 -3.75 0 3.75 7.5 11.25
4068.886 -11.25 -7.5 -3.75 0 3.75 7.5 11.25
4073.886 -11.25 -7.5 -3.75 0 3.75 7.5 11.25
4078.886 -11.25 -7.5 -3.75 0 3.75 7.5 11.25
4083.886 -11.25 -7.5 -3.75 0 3.75 7.5 11.25
4088.886 -11.25 -7.5 -3.75 0 3.75 7.5 11.25
4093.886 -11.25 -7.5 -3.75 0 3.75 7.5 11.25
4098.886 -11.25 -7.5 -3.75 0 3.75 7.5 11.25
4103.886 -11.25 -7.5 -3.75 0 3.75 7.5 11.25
4108.886 -11.25 -7.5 -3.75 0 3.75 7.5 11.25
4113.886 -11.25 -7.5 -3.75 0 3.75 7.5 11.25
4118.886 -11.25 -7.5 -3.75 0 3.75 7.5 11.25
4123.886 -11.25 -7.5 -3.75 0 3.75 7.5 11.25
4128.886 -11.25 -7.5 -3.75 0 3.75 7.5 11.25
4133.886 -11.25 -7.5 -3.75 0 3.75 7.5 11.25
4138.886 -11.25 -7.5 -3.75 0 3.75 7.5 11.25
4143.886 -11.25 -7.5 -3.75 0 3.75 7.5 11.25
4148.886 -11.25 -7.5 -3.75 0 3.75 7.5 11.25
4153.886 -11.25 -7.5 -3.75 0 3.75 7.5 11.25
4158.886 -11.25 -7.5 -3.75 0 3.75 7.5 11.25
4163.886 -11.25 -7.5 -3.75 0 3.75 7.5 11.25
4168.886 -11.25 -7.5 -3.75 0 3.75 7.5 11.25
4173.886 -11.25 -7.5 -3.75 0 3.75 7.5 11.25
4178.886 -11.25 -7.5 -3.75 0 3.75 7.5 11.25
4183.886 -11.25 -7.5 -3.75 0 3.75 7.5 11.25
4188.886 -11.25 -7.5 -3.75 0 3.75 7.5 11.25
4193.886 -11.25 -7.5 -3.75 0 3.75 7.5 11.25
4198.886 -11.25 -7.5 -3.75 0 3.75 7.5 11.25
4203.886 -11.25 -7.5 -3.75 0 3.75 7.5 11.25
4208.886 -11.25 -7.5 -3.75 0 3.75 7.5 11.25
4213.886 -11.25 -7.5 -3.75 0 3.75 7.5 11.25
4218.886 -11.25 -7.5 -3.75 0 3.75 7.5 11.25
4223.886 -11.25 -7.5 -3.75 0 3.75 7.5 11.25
4228.886 -11.25 -7.5 -3.75 0 3.75 7.5 11.25
4233.886 -11.25 -7.5 -3.75 0 3.75 7.5 11.25
4238.886 -11.25 -7.5 -3.75 0 3.75 7.5 11.25
4243.886 -11.25 -7.5 -3.75 0 3.75 7.5 11.25
4248.886 -11.25 -7.5 -3.75 0 3.75 7.5 11.25
4253.886 -11.25 -7.5 -3.75 0 3.75 7.5 11.25
4258.886 -11.25 -7.5 -3.75 0 3.75 7.5 11.25
4263.886 -11.25 -7.5 -3.75 0 3.75 7.5 11.25
4268.886 -11.25 -7.5 -3.75 0 3.75 7.5 11.25
4273.886 -11.25 -7.5 -3.75 0 3.75 7.5 11.25
4278.886 -11.25 -7.5 -3.75 0 3.75 7.5 11.25
4283.886 -11.25 -7.5 -3.75 0 3.75 7.5 11.25
4288.886 -11.25 -7.5 -3.75 0 3.75 7.5 11.25
4293.886 -11.25 -7.5 -3.75 0 3.75 7.5 11.25
4298.886 -11.25 -7.5 -3.75 0 3.75 7.5 11.25
4303.886 -11.25 -7.5 -3.75 0 3.75 7.5 11.25
4308.886 -11.25 -7.5 -3.75 0 3.75 7.5 11.25
4313.886 -11.25 -7.5 -3.75 0 3.75 7.5 11.25
4318.886 -11.25 -7.5 -3.75 0 3.75 7.5 11.25
4323.886 -11.25 -7.5 -3.75 0 3.75 7.5 11.25
4328.886 -11.25 -7.5 -3.75 0 3.75 7.5 11.25
5801.147 -11.25 -7.5 -3.75 0 3.75 7.5 11.25
7273.408 -11.25 -7.5 -3.75 0 3.75 7.5 11.25
