-1.0 -11.25 -7.5 -3.75 0 3.75 7.5 11.25
707.898 -11.25 -7.5 -3.75 0 3.75 7.5 11.25
822.184 -11.25 -7.5 -3.75 0 3.75 7.5 11.25
850.755 -11.25 -7.5 -3.75 0 3.75 7.5 11.25
907.898 -11.25 -7.5 -3.75 0 3.75 7.5 11.25
1580.52 -11.25 -7.5 -3.75 0 3.75 7.5 11.25
1637.663 -11.25 -7.5 -3.75 0 3.75 7.5 11.25
1666.234 -11.25 -7.5 -3.75 0 3.75 7.5 11.25
1780.52 -11.25 -7.5 -3.75 0 3.75 7.5 11.25
3132.984 -11.25 -7.5 -3.75 0 3.75 7.5 11.25
3245.484 -11.25 -7.5 -3.75 0 3.75 7.5 11.25
3273.609 -11.25 -7.5 -3.75 0 3.75 7.5 11.25
3329.859 -11.25 -7.5 -3.75 0 3.75 7.5 11.25
3357.984 -11.25 -7.5 -3.75 0 3.75 7.5 11.25
3828.886 -11.25 -7.5 -3.75 0 3.75 7.5 11.25
3857.011 -11.25 -7.5 -3.75 0 3.75 7.5 11.25
3913.261 -11.25 -7.5 -3.75 0 3.75 7.5 11.25
3941.386 -11.25 -7.5 -3.75 0 3.75 7.5 11.25
4053.886 -11.25 -7.5 -3.75 0 3.75 7.5 11.25
7273.408 -11.25 -7.5 -3.75 0 3.75 7.5 11.25
