-1.0 -0.225 -0.15 -0.075 0 -0.075 -0.15 -0.225 
512.898 -0.225 -0.15 -0.075 0 -0.075 -0.15 -0.225 
738.613 0.225 0.15 0.075 0 -0.075 -0.15 -0.225 
795.041 0.3375 0.225 0.1125 0 -0.1125 -0.225 -0.3375 
907.898 0.5625 0.375 0.1875 0 -0.1875 -0.375 -0.5625 
1580.52 0.5625 0.375 0.1875 0 -0.1875 -0.375 -0.5625 
1693.377 0.3375 0.225 0.1125 0 -0.1125 -0.225 -0.3375 
1749.805 0.225 0.15 0.075 0 -0.075 -0.15 -0.225 
1975.52 -0.225 -0.15 -0.075 0 -0.075 -0.15 -0.225 
2907.984 -0.225 -0.15 -0.075 0 -0.075 -0.15 -0.225 
3132.984 -0.225 -0.15 -0.075 0 0.075 0.15 0.225 
3189.234 -0.3375 -0.225 -0.1125 0 0.1125 0.225 0.3375 
3301.734 -0.5625 -0.375 -0.1875 0 0.1875 0.375 0.5625 
3357.984 -0.675 -0.45 -0.225 0 0.225 0.45 0.675 
3828.886 -0.675 -0.45 -0.225 0 0.225 0.45 0.675 
3885.136 -0.5625 -0.375 -0.1875 0 0.1875 0.375 0.5625 
3997.636 -0.3375 -0.225 -0.1125 0 0.1125 0.225 0.3375 
4053.886 -0.225 -0.15 -0.075 0 0.075 0.15 0.225 
4278.886 -0.225 -0.15 -0.075 0 -0.075 -0.15 -0.225 
7273.408 -0.225 -0.15 -0.075 0 -0.075 -0.15 -0.225 
