-103.123634681 -32.0261463437
-90.8369878549 33.9780476956
-57.4943414284 -30.6585642027
-49.1768064965 32.2938294493
-8.50042682431 -31.5918393768
3.51378866457 31.3259624504
47.7736973981 -33.1421566791
55.4202001288 34.4052017014
97.3593465254 -30.5316498984
108.744065986 34.9522752737
141.919302887 -30.6035583512
152.677264476 31.8112851018
198.763843001 -31.544040383
208.382851471 31.64228278
242.153980824 -34.9969339456
250.800074841 34.7098310543
297.679374164 -34.5855747412
303.638393416 33.7818698482
341.560125403 -32.34965533
356.677205557 34.5337815889
395.960293841 -30.0283620638
400.804061533 30.425470533
440.548478392 -32.6050012019
451.216876983 31.34871461
496.883243484 -32.391953267
504.504119417 32.2268972252
548.319347855 -30.6579827318
550.845741084 33.8446668019
595.840907219 -30.9676129998
601.900600238 33.2783302735
641.256658614 -33.733236575
652.634095601 31.6137124631
693.12162495 -34.141652615
709.436067923 32.8165375133
749.452865784 -30.1798299733
752.895878884 31.6081298233
796.489677748 -30.7392170239
809.985530614 31.1275388934
843.176030252 -34.9377127827
858.666916675 30.1278328813
896.188233409 -31.0699253314
906.461278777 31.0572479937
949.628289499 -31.5257980706
953.337735121 33.7488826507
997.577376288 -34.8299115932
1003.92608243 32.6039220169
1046.49762741 -31.9467787689
1051.99961863 34.6839164149
1098.59557581 -34.1714198505
1101.54528935 31.1520352499
1149.25334815 -32.899882363
1157.44637134 32.357569314
1191.95449945 -33.58165004
1202.37958284 30.7643089453
1241.54362562 -31.7656388493
1255.98587232 34.7585476661
1297.8787788 -31.3767960628
1302.60000115 34.0850425369
1342.76676574 -32.3881747309
1357.03942254 33.6470106735
1398.58122875 -33.3832255807
1405.01969194 32.2871767503
1445.63124275 -33.7485016322
1454.83494685 31.4509438425
1495.01372294 -34.3315176332
1506.18661527 32.3412132596
1549.72786777 -32.3410338565
1552.86265318 32.0070104875
1596.11399849 -33.0035481495
1608.48943679 30.4539818604
1645.26307119 -31.1122422685
1655.83258413 33.166898182
1697.15751964 -34.9005019053
1704.48167143 34.8208460158
1741.64352459 -30.0139673784
1756.35766793 31.0875792703
1794.93113808 -32.0972682193
1802.70754226 30.7895127689
1842.81690494 -34.7800631701
1853.15361407 34.0915748179
1893.69624245 -31.6547289027
1906.31220023 32.8396689784
1949.6654331 -33.2251894703
1954.80451759 33.8244462848
1993.75369155 -32.9762799638
2000.53245992 31.7400099968
2049.2640977 -32.4555862915
2051.13394677 34.8614138515
2092.33671116 -34.0265841924
2102.82722576 34.0875716159
2146.42473667 -31.4713413286
2152.12366467 31.9346431745
2192.91907264 -31.04471564
2209.11061498 30.8869337685
2249.90319873 -34.3255289708
2251.94390214 33.8333179051
2291.5813819 -30.2049113038
2307.86676155 32.9090711456
2346.6850688 -34.7331328705
2355.725757 32.7853593323
2393.86942913 -30.3675523472
2406.79184072 34.3934738219
2445.80688606 -30.6743676712
2451.94880069 30.9985049813
2495.63293546 -33.5419540481
2509.40014962 33.5104979319
2545.09295232 -34.6451058364
2550.0709802 34.2943048177
2595.35101538 -34.9596225477
2609.99947292 34.7754873991
2648.2628979 -34.4174075813
2651.25088647 33.4559849529
2695.10186372 -34.1943122898
2706.80515155 30.1379185893
2743.10347896 -32.0015419152
2757.5161936 34.2330487302
2792.67318694 -32.0007298724
2800.29464151 32.6826795612
2849.82663783 -30.7782301777
2858.115893 30.8849915866
2891.77695629 -30.1490489767
2905.93897945 34.6803920389
2941.08511053 -33.9343346258
2955.16498551 30.1649937493
2993.3210526 -30.9725285031
3005.1247638 33.5084388797
3045.89453936 -34.0044161314
3053.28817664 32.2496351213
3092.09019955 -31.5762195527
3103.63649639 33.3033828208
3140.55610798 -32.6461180278
3152.56402835 33.9534316248
3190.64686157 -34.0722218613
3206.02484 31.5569326081
3241.70711218 -32.0978852656
3250.80087854 30.3163941844
3290.3184622 -34.7686894414
3304.1818142 33.7999415977
3349.86067786 -32.3378748125
3351.90450719 31.7010245452
3391.02538718 -32.9701141667
3400.54959244 31.7584949445
3444.76091804 -34.5700507665
3457.88231529 34.9949710032
3498.34450063 -32.2251568759
3507.70666675 32.7647844296
3541.07252242 -30.0135068625
3556.28406719 30.9898501581
3598.14501299 -34.505909541
3602.84762985 33.7398501616
3644.3561317 -31.0993318111
3657.86255774 32.4920719893
3691.3888594 -33.8613111467
3709.51899949 31.5121088373
3744.79399452 -33.7754649467
3755.03656175 30.6301368328
3793.48179874 -30.9643786553
3804.53058567 30.1633079436
3841.36907967 -30.2733620865
3851.89019171 32.2613043819
3891.16818933 -31.4133015968
3901.12986161 34.1787468487
3948.10852452 -32.0525227495
3951.70006425 30.9899162791
3993.31979218 -33.319709811
4002.3385262 33.3469190725
4043.35720344 -30.2332251546
4059.28174788 30.064881897
4094.94136107 -33.4540956972
4103.1460293 34.600737156
4143.33271934 -34.872065288
4154.28261192 30.657309786
4197.38624971 -34.8924749495
4208.14293084 31.8837919597
4240.88127688 -33.9060339396
4256.41850589 34.5472248318
4292.66424141 -33.7621082438
4307.0551661 32.1637742711
4341.82189071 -32.7493552895
4357.79733814 33.5624982376
4391.07174231 -33.7556918658
4403.69565292 33.9290802241
4448.87601357 -30.9640396104
4456.88691509 31.5843885618
4493.37485719 -30.6482739848
4505.06633592 30.9169240417
4541.91220654 -33.982815423
4558.14023558 30.9469740873
4590.93490896 -32.5999231267
4600.47719224 33.8856340564
4641.80415555 -34.6744749664
4657.53536001 31.7731337808
4695.3111349 -30.2084660612
4704.8548888 31.155089696
4749.30747784 -32.4943700133
4750.28117558 32.43260921
4792.93955258 -32.5850280627
4802.2315043 33.3364380364
4845.15933764 -30.8802848834
4852.22900256 30.7891431723
4895.81299211 -33.1905056711
4902.89272318 31.7106650052
4947.79812539 -33.8804747452
4952.66553888 31.2141811427
4990.46883799 -31.1633954902
5000.27857935 34.2780585051
5049.14258117 -31.2238758781
5051.44161703 33.053460922
5094.35258454 -32.027517443
5101.76132168 30.9399951917
5142.55671456 -32.0596498294
5155.13278467 31.9778921417
5194.30774723 -31.1363638295
5205.49399044 34.2498802879
5249.66434331 -33.3723500181
5257.98716653 32.4677637759
5299.45382113 -30.6219691086
5307.66790483 30.2030139117
5348.1040621 -34.6617997077
5354.86084136 33.2119207457
5397.89986592 -31.9219414998
5404.4069486 32.2985670709
5443.12588022 -32.2459532983
5459.92298583 33.4242345825
5492.89510542 -33.094909992
5508.57327977 33.1967325254
5546.12733373 -34.6248933104
5554.75515285 33.701602121
5590.06320752 -31.5013575998
5600.25957529 31.7452046084
5649.72391974 -34.825928317
5654.69758288 32.4705746123
5695.93595922 -34.6584243171
5704.48311644 33.7742396424
5744.32836678 -34.9245324651
5758.26698537 33.6087685012
5797.76604387 -32.7435697123
5808.93042355 33.8060124351
5847.65692262 -33.8020657422
5856.48676917 31.0045854321
5896.66221937 -33.3366142568
5905.41325225 32.1631189261
5941.66021424 -33.6136676802
5954.2251812 33.1108657344
5992.782854 -32.0928831525
6008.50647433 32.7783049073
6044.29481936 -30.1632345972
6058.32896493 31.3406197714
6097.80453736 -32.8244113336
6105.83830609 34.336185738
6145.04640257 -33.7582239327
6152.83495057 34.9451842015
6192.65024726 -31.6381407709
6200.58651643 34.8632259902
6243.4091723 -30.8150322645
6258.5702538 32.3007022867
6290.67482468 -34.7068654948
6300.55540199 31.7789481706
6347.21307651 -33.4638112009
6353.61957666 33.438274457
6390.9179842 -34.0751437251
6404.65515855 34.0219575531
6446.59163894 -33.4218640103
6457.39676116 32.1979011168
6496.34196313 -31.5658925853
6503.95403845 32.7639846105
6544.19692641 -30.2567278074
6551.95505788 30.5014318787
6590.44105674 -31.7574457165
6603.71654726 32.2634420416
6646.23003811 -32.9737462642
6656.71481401 30.7654753262
6691.36486423 -34.8870022368
6708.21938864 32.2936650027
6744.86817972 -32.8465231131
6755.45933493 33.5321454029
6797.77524441 -32.0992135172
6803.24590286 30.8423744699
6846.34670169 -32.9132247069
6854.26035345 30.3948306144
6898.19742459 -31.9281855861
6900.7759688 32.875115606
6948.79005071 -30.6913634977
6953.6940546 32.9777973987
6996.23088843 -32.5019720325
7001.57137173 31.0886932263
7044.24834096 -33.23673167
7059.80461273 34.5420003836
7099.02197694 -30.450261007
7103.31611996 32.0416875428
7140.67660622 -31.6993891759
7153.0575485 32.8428239108
7197.33970104 -31.7198112311
7203.11381964 34.8496667195
7244.83121072 -32.7935636119
7253.75826229 31.971648508
7293.07747407 -32.3201119963
7304.02936795 32.72399718
7347.31862845 -30.1268307011
7354.25204114 32.8553550036
