0 0
9.3169 17.6973
18.6338 35.3946
27.9507 53.0920
37.2676 70.7893
46.5845 88.4866
55.9014 106.1839
65.2183 123.8813
74.5352 141.5786
83.8521 159.2759
93.1691 176.9732
102.4863 194.6704
111.8098 212.3642
121.1496 230.0495
130.5156 247.7209
139.9180 265.3729
149.3669 283.0001
158.8721 300.5970
168.4437 318.1579
178.0915 335.6770
187.8254 353.1484
197.6550 370.5662
207.5899 387.9240
217.6398 405.2156
227.8139 422.4344
238.1216 439.5735
248.5719 456.6260
259.1739 473.5846
269.9363 490.4419
280.8678 507.1900
291.9767 523.8209
303.2712 540.3264
314.7592 556.6977
326.4485 572.9260
338.3464 589.0018
350.4600 604.9158
362.7962 620.6578
375.3614 636.2177
388.1616 651.5847
401.2027 666.7479
414.4898 681.6959
428.0279 696.4169
441.8214 710.8990
455.8741 725.1296
470.1895 739.0959
484.7704 752.7847
499.6189 766.1829
514.7322 779.2815
530.1045 792.0752
545.7296 804.5590
561.6011 816.7278
577.7129 828.5767
594.0584 840.1011
610.6312 851.2962
627.4245 862.1577
644.4316 872.6812
661.6458 882.8624
679.0602 892.6974
696.6678 902.1821
714.4615 911.3128
732.4343 920.0858
750.5789 928.4976
768.8881 936.5449
787.3546 944.2244
805.9710 951.5331
824.7299 958.4680
843.6236 965.0264
862.6448 971.2056
881.7857 977.0032
901.0387 982.4168
920.3962 987.4443
939.8503 992.0836
959.3933 996.3330
979.0174 1000.1907
998.7147 1003.6552
1018.4774 1006.7251
1038.2975 1009.3991
1058.1671 1011.6762
1078.0783 1013.5555
1098.0230 1015.0362
1117.9934 1016.1195
1137.9810 1016.8144
1157.9782 1017.1319
1177.9778 1017.0835
1197.9735 1016.6804
1217.9594 1015.9344
1237.9301 1014.8570
1257.8810 1013.4600
1277.8080 1011.7550
1297.7075 1009.7538
1317.5763 1007.4683
1337.4119 1004.9102
1357.2121 1002.0914
1376.9753 999.0236
1396.7002 995.7185
1416.3860 992.1880
1436.0323 988.4436
1455.6390 984.4971
1475.2063 980.3600
1494.7350 976.0439
1514.2259 971.5602
1533.6802 966.9205
1553.0995 962.1361
1572.4854 957.2184
1591.8400 952.1787
1611.1654 947.0281
1630.4639 941.7779
1649.7382 936.4393
1668.9909 931.0233
1688.2249 925.5411
1707.4430 920.0036
1726.6484 914.4220
1745.8440 908.8071
1765.0332 903.1700
1784.2190 897.5217
1803.4043 891.8714
1822.5895 886.2211
1841.7748 880.5708
1860.9600 874.9205
1880.1453 869.2702
1899.3306 863.6199
1918.5158 857.9696
1937.7011 852.3193
1956.8863 846.6690
1976.0716 841.0187
1995.2568 835.3685
2014.4421 829.7182
2033.6274 824.0679
2052.8126 818.4176
2071.9979 812.7673
2091.1831 807.1170
2110.3684 801.4667
2129.5537 795.8164
2148.7389 790.1661
2167.9242 784.5158
2187.1094 778.8655
2206.2947 773.2152
2225.4799 767.5649
2244.6652 761.9146
2263.8505 756.2643
2283.0357 750.6140
2302.2210 744.9637
2321.4062 739.3134
2340.5915 733.6631
2359.7783 728.0181
2378.9727 722.3990
2398.1816 716.8296
2417.4116 711.3336
2436.6691 705.9347
2455.9601 700.6567
2475.2901 695.5238
2494.6643 690.5600
2514.0870 685.7897
2533.5618 681.2371
2553.0917 676.9271
2572.6787 672.8842
2592.3236 669.1336
2612.0265 665.7001
2631.7859 662.6091
2651.5993 659.8859
2671.4628 657.5558
2691.3708 655.6443
2711.3165 654.1767
2731.2911 653.1783
2751.2842 652.6744
2771.2836 652.6899
2791.2751 653.2492
2811.2426 654.3767
2831.1678 656.0958
2851.0310 658.4241
2870.8132 661.3625
2890.4956 664.9080
2910.0597 669.0573
2929.4868 673.8066
2948.7586 679.1513
2967.8569 685.0863
2986.7635 691.6061
3005.4606 698.7044
3023.9305 706.3746
3042.1557 714.6094
3060.1189 723.4009
3077.8031 732.7410
3095.1917 742.6206
3112.2680 753.0305
3129.0160 763.9609
3145.4199 775.4013
3161.4640 787.3409
3177.1332 799.7685
3192.4126 812.6722
3207.2879 826.0399
3221.7448 839.8589
3235.7698 854.1162
3249.3501 868.7976
3262.4829 883.8808
3275.1751 899.3365
3287.4356 915.1371
3299.2748 931.2556
3310.7049 947.6671
3321.7389 964.3473
3332.3916 981.2738
3342.6784 998.4251
3352.6160 1015.7811
3362.2220 1033.3229
3371.5146 1051.0327
3380.5129 1068.8938
3389.2367 1086.8908
3397.7061 1105.0088
3405.9419 1123.2342
3413.9654 1141.5542
3421.7980 1159.9565
3429.4617 1178.4299
3436.9786 1196.9635
3444.3712 1215.5470
3451.6620 1234.1708
3458.8738 1252.8252
3466.0295 1271.5013
3473.1520 1290.1901
3480.2635 1308.8830
3487.3748 1327.5761
3494.4860 1346.2691
3501.5973 1364.9622
3508.7085 1383.6552
3515.8197 1402.3483
3522.9310 1421.0413
3530.0422 1439.7344
3537.1535 1458.4275
3544.2647 1477.1205
3551.3759 1495.8136
3558.4872 1514.5066
3565.5984 1533.1997
3572.7097 1551.8927
3579.8209 1570.5858
3586.9321 1589.2788
3594.0434 1607.9719
3601.1546 1626.6649
3608.2659 1645.3580
3615.3771 1664.0510
3622.5128 1682.7348
3629.7155 1701.3928
3636.9860 1720.0244
3644.3243 1738.6295
3651.7301 1757.2078
3659.2035 1775.7590
3666.7443 1794.2830
3674.3524 1812.7794
3682.0277 1831.2480
3689.7701 1849.6886
3697.5795 1868.1009
3705.4558 1886.4846
3713.3989 1904.8397
3721.4087 1923.1657
3729.4851 1941.4624
3737.6279 1959.7297
3745.8372 1977.9673
3754.1127 1996.1748
3762.4543 2014.3522
3770.8620 2032.4991
3779.3356 2050.6153
3787.8751 2068.7006
3796.4803 2086.7547
3805.1510 2104.7774
3813.8872 2122.7684
3822.6888 2140.7276
3831.5557 2158.6546
3840.4877 2176.5493
3849.4847 2194.4114
3858.5465 2212.2406
3867.6732 2230.0368
3876.8645 2247.7996
3886.1204 2265.5290
3895.4406 2283.2245
3904.8251 2300.8861
3914.2738 2318.5134
3923.7866 2336.1062
3933.3632 2353.6643
3943.0036 2371.1875
3952.7077 2388.6755
3962.4753 2406.1281
3972.3064 2423.5450
3982.2006 2440.9261
3992.1581 2458.2712
4002.1785 2475.5798
4012.2618 2492.8520
4022.4078 2510.0873
4032.6165 2527.2857
4042.8876 2544.4468
4053.2211 2561.5704
4063.6167 2578.6564
4074.0744 2595.7044
4084.5941 2612.7143
4095.1755 2629.6859
4105.8186 2646.6188
4116.5232 2663.5129
4127.2891 2680.3680
4138.1163 2697.1838
4149.0045 2713.9602
4159.9537 2730.6968
4170.9636 2747.3936
4182.0342 2764.0501
4193.1653 2780.6663
4204.3567 2797.2420
4215.6084 2813.7768
4226.9201 2830.2706
4238.2917 2846.7231
4249.7230 2863.1342
4261.2140 2879.5036
4272.7644 2895.8311
4284.3741 2912.1165
4296.0429 2928.3596
4307.7708 2944.5602
4319.5574 2960.7180
4331.4028 2976.8328
4343.3066 2992.9044
4355.2688 3008.9327
4367.2893 3024.9173
4379.3677 3040.8581
4391.5041 3056.7549
4403.6982 3072.6075
4415.9498 3088.4156
4428.2589 3104.1791
4440.6252 3119.8977
4453.0486 3135.5712
4465.5288 3151.1995
4478.0659 3166.7822
4490.6595 3182.3193
4503.3095 3197.8104
4516.0158 3213.2555
4528.7782 3228.6543
4541.5964 3244.0065
4554.4704 3259.3121
4567.4000 3274.5707
4580.3850 3289.7822
4593.4252 3304.9464
4606.5205 3320.0630
4619.6706 3335.1320
4632.8755 3350.1530
4646.1349 3365.1259
4659.4486 3380.0505
4672.8165 3394.9266
4686.2385 3409.7540
4699.7143 3424.5325
4713.2437 3439.2618
4726.8266 3453.9419
4740.4627 3468.5725
4754.1520 3483.1534
4767.8943 3497.6844
4781.6892 3512.1654
4795.5368 3526.5961
4809.4367 3540.9763
4823.3888 3555.3059
4837.3930 3569.5847
4851.4490 3583.8125
4865.5566 3597.9890
4879.7156 3612.1142
4893.9260 3626.1878
4908.1704 3640.2269
4922.4156 3654.2652
4936.6608 3668.3035
4950.9060 3682.3418
4965.1513 3696.3801
4979.3965 3710.4184
4993.6417 3724.4567
5007.8869 3738.4950
5022.1322 3752.5332
