-1.0 -0.075 0 -0.075 
222.616 -0.075 0 -0.075 
272.616 0.075 0 -0.075 
285.116 0.1125 0 -0.1125 
310.116 0.1875 0 -0.1875 
322.616 0.225 0 -0.225 
507.288 0.225 0 -0.225 
519.788 0.1875 0 -0.1875 
544.788 0.1125 0 -0.1125 
557.288 0.075 0 -0.075 
607.288 -0.075 0 -0.075 
1166.661 -0.075 0 -0.075 
1215.233 -0.075 0 0.075 
1227.376 -0.1125 0 0.1125 
1251.661 -0.1875 0 0.1875 
1406.947 -0.1875 0 0.1875 
1431.232 -0.1125 0 0.1125 
1443.375 -0.075 0 0.075 
1491.947 -0.075 0 -0.075 
1883.915 -0.075 0 -0.075 
1933.915 0.075 0 -0.075 
1946.415 0.1125 0 -0.1125 
1958.915 0.15 0 -0.15 
2188.034 0.15 0 -0.15 
2200.534 0.1125 0 -0.1125 
2213.034 0.075 0 -0.075 
2263.034 -0.075 0 -0.075 
4312.362 -0.075 0 -0.075 
4362.362 0.075 0 -0.075 
4374.862 0.1125 0 -0.1125 
4387.362 0.15 0 -0.15 
4718.599 0.15 0 -0.15 
4731.099 0.1125 0 -0.1125 
4743.599 0.075 0 -0.075 
4793.599 -0.075 0 -0.075 
5543.472 -0.075 0 -0.075 
5593.472 0.075 0 -0.075 
6055.381 0.075 0 -0.075 
6105.381 -0.075 0 -0.075 
6709.905 -0.075 0 -0.075 
