-1.0 -3.75 0 3.75
222.616 -3.75 0 3.75
272.616 -3.75 0 3.75
285.116 -3.75 0 3.75
310.116 -3.75 0 3.75
322.616 -3.75 0 3.75
507.288 -3.75 0 3.75
519.788 -3.75 0 3.75
544.788 -3.75 0 3.75
557.288 -3.75 0 3.75
607.288 -3.75 0 3.75
1146.661 -3.75 0 3.75
1206.661 -3.75 0 3.75
1221.661 -3.75 0 3.75
1251.661 -3.75 0 3.75
1406.947 -3.75 0 3.75
1436.947 -3.75 0 3.75
1451.947 -3.75 0 3.75
1511.947 -3.75 0 3.75
1868.915 -3.75 0 3.75
1928.915 -3.75 0 3.75
1943.915 -3.75 0 3.75
1958.915 -3.75 0 3.75
2188.034 -3.75 0 3.75
2203.034 -3.75 0 3.75
2218.034 -3.75 0 3.75
2278.034 -3.75 0 3.75
4297.362 -3.75 0 3.75
4357.362 -3.75 0 3.75
4372.362 -3.75 0 3.75
4387.362 -3.75 0 3.75
4718.599 -3.75 0 3.75
4733.599 -3.75 0 3.75
4748.599 -3.75 0 3.75
4808.599 -3.75 0 3.75
5533.472 -3.75 0 3.75
5593.472 -3.75 0 3.75
6055.381 -3.75 0 3.75
6115.381 -3.75 0 3.75
6709.905 -3.75 0 3.75
