-1.0 -3.75 0 3.75
222.616 -3.75 0 3.75
272.616 -3.75 0 3.75
285.116 -3.75 0 3.75
310.116 -3.75 0 3.75
322.616 -3.75 0 3.75
507.288 -3.75 0 3.75
519.788 -3.75 0 3.75
544.788 -3.75 0 3.75
557.288 -3.75 0 3.75
607.288 -3.75 0 3.75
1091.661 -3.75 0 3.75
1165.947 -3.75 0 3.75
1184.519 -3.75 0 3.75
1221.661 -3.75 0 3.75
1436.947 -3.75 0 3.75
1474.089 -3.75 0 3.75
1492.661 -3.75 0 3.75
1566.947 -3.75 0 3.75
1708.915 -3.75 0 3.75
1782.248 -3.75 0 3.75
1800.581 -3.75 0 3.75
1818.915 -3.75 0 3.75
2328.034 -3.75 0 3.75
2346.368 -3.75 0 3.75
2364.701 -3.75 0 3.75
2438.034 -3.75 0 3.75
4187.362 -3.75 0 3.75
4260.696 -3.75 0 3.75
4279.029 -3.75 0 3.75
4297.362 -3.75 0 3.75
4808.599 -3.75 0 3.75
4826.933 -3.75 0 3.75
4845.266 -3.75 0 3.75
4918.599 -3.75 0 3.75
5143.472 -3.75 0 3.75
5218.472 -3.75 0 3.75
6430.381 -3.75 0 3.75
6505.381 -3.75 0 3.75
6709.905 -3.75 0 3.75
