-1.0 -0.075 0.0 -0.075 
110.808 -0.075 0.0 -0.075 
222.616 -0.075 0 -0.075 
227.616 -0.072825 0 -0.076088 
232.616 -0.0666 0 -0.0792 
237.616 -0.056775 0 -0.084113 
242.616 -0.0438 0 -0.0906 
247.616 -0.028125 0 -0.098438 
252.616 -0.0102 0 -0.1074 
257.616 0.009525 0 -0.117263 
262.616 0.0306 0 -0.1278 
267.616 0.052575 0 -0.138788 
272.616 0.075 0 -0.15 
277.616 0.097425 0 -0.161213 
282.616 0.1194 0 -0.1722 
287.616 0.140475 0 -0.182738 
292.616 0.1602 0 -0.1926 
297.616 0.178125 0 -0.201563 
302.616 0.1938 0 -0.2094 
307.616 0.206775 0 -0.215888 
312.616 0.2166 0 -0.2208 
322.616 0.225 0.0 -0.225 
414.952 0.225 0.0 -0.225 
507.288 0.225 0 -0.225 
512.288 0.222825 0 -0.223912 
517.288 0.2166 0 -0.2208 
522.288 0.206775 0 -0.215887 
527.288 0.1938 0 -0.2094 
532.288 0.178125 0 -0.201562 
537.288 0.1602 0 -0.1926 
542.288 0.140475 0 -0.182737 
547.288 0.1194 0 -0.1722 
552.288 0.097425 0 -0.161212 
557.288 0.075 0 -0.15 
562.288 0.052575 0 -0.138787 
567.288 0.0306 0 -0.1278 
572.288 0.009525 0 -0.117263 
577.288 -0.0102 0 -0.1074 
582.288 -0.028125 0 -0.098437 
587.288 -0.0438 0 -0.0906 
592.288 -0.056775 0 -0.084112 
597.288 -0.0666 0 -0.0792 
602.288 -0.072825 0 -0.076087 
607.288 -0.075 0.0 -0.075 
886.9745 -0.075 0.0 -0.075 
1166.661 -0.075 0 -0.075 
1171.661 -0.076122 0 -0.072382 
1176.661 -0.079305 0 -0.064955 
1181.661 -0.084274 0 -0.053361 
1186.661 -0.090754 0 -0.03824 
1191.661 -0.098471 0 -0.020235 
1196.661 -0.107149 0 1.5e-05 
1201.661 -0.116515 0 0.021868 
1206.661 -0.126292 0 0.044682 
1211.661 -0.136208 0 0.067818 
1216.661 -0.145985 0 0.090632 
1221.661 -0.155351 0 0.112485 
1226.661 -0.164029 0 0.132735 
1231.661 -0.171746 0 0.15074 
1236.661 -0.178226 0 0.165861 
1241.661 -0.183195 0 0.177455 
1246.661 -0.186378 0 0.184882 
1251.661 -0.1875 0.0 0.1875 
1329.304 -0.1875 0.0 0.1875 
1406.947 -0.1875 0 0.1875 
1411.947 -0.186378 0 0.184882 
1416.947 -0.183195 0 0.177455 
1421.947 -0.178226 0 0.165861 
1426.947 -0.171746 0 0.15074 
1431.947 -0.164029 0 0.132735 
1436.947 -0.155351 0 0.112485 
1441.947 -0.145985 0 0.090632 
1446.947 -0.136208 0 0.067818 
1451.947 -0.126292 0 0.044682 
1456.947 -0.116515 0 0.021868 
1461.947 -0.107149 0 1.5e-05 
1466.947 -0.098471 0 -0.020235 
1471.947 -0.090754 0 -0.03824 
1476.947 -0.084274 0 -0.053361 
1481.947 -0.079305 0 -0.064955 
1486.947 -0.076122 0 -0.072382 
1491.947 -0.075 0.0 -0.075 
1687.931 -0.075 0.0 -0.075 
1883.915 -0.075 0 -0.075 
1888.915 -0.072133 0 -0.075956 
1893.915 -0.064067 0 -0.078644 
1898.915 -0.0516 0 -0.0828 
1903.915 -0.035533 0 -0.088156 
1908.915 -0.016667 0 -0.094444 
1913.915 0.0042 0 -0.1014 
1918.915 0.026267 0 -0.108756 
1923.915 0.048733 0 -0.116244 
1928.915 0.0708 0 -0.1236 
1933.915 0.091667 0 -0.130556 
1938.915 0.110533 0 -0.136844 
1943.915 0.1266 0 -0.1422 
1948.915 0.139067 0 -0.146356 
1953.915 0.147133 0 -0.149044 
1958.915 0.15 0.0 -0.15 
2073.4745 0.15 0.0 -0.15 
2188.034 0.15 0 -0.15 
2193.034 0.147133 0 -0.149044 
2198.034 0.139067 0 -0.146356 
2203.034 0.1266 0 -0.1422 
2208.034 0.110533 0 -0.136844 
2213.034 0.091667 0 -0.130556 
2218.034 0.0708 0 -0.1236 
2223.034 0.048733 0 -0.116244 
2228.034 0.026267 0 -0.108756 
2233.034 0.0042 0 -0.1014 
2238.034 -0.016667 0 -0.094444 
2243.034 -0.035533 0 -0.088156 
2248.034 -0.0516 0 -0.0828 
2253.034 -0.064067 0 -0.078644 
2258.034 -0.072133 0 -0.075956 
2263.034 -0.075 0.0 -0.075 
3287.698 -0.075 0.0 -0.075 
4312.362 -0.075 0 -0.075 
4317.362 -0.072133 0 -0.075956 
4322.362 -0.064067 0 -0.078644 
4327.362 -0.0516 0 -0.0828 
4332.362 -0.035533 0 -0.088156 
4337.362 -0.016667 0 -0.094444 
4342.362 0.0042 0 -0.1014 
4347.362 0.026267 0 -0.108756 
4352.362 0.048733 0 -0.116244 
4357.362 0.0708 0 -0.1236 
4362.362 0.091667 0 -0.130556 
4367.362 0.110533 0 -0.136844 
4372.362 0.1266 0 -0.1422 
4377.362 0.139067 0 -0.146356 
4382.362 0.147133 0 -0.149044 
4387.362 0.15 0.0 -0.15 
4552.9805 0.15 0.0 -0.15 
4718.599 0.15 0 -0.15 
4723.599 0.147133 0 -0.149044 
4728.599 0.139067 0 -0.146356 
4733.599 0.1266 0 -0.1422 
4738.599 0.110533 0 -0.136844 
4743.599 0.091667 0 -0.130556 
4748.599 0.0708 0 -0.1236 
4753.599 0.048733 0 -0.116244 
4758.599 0.026267 0 -0.108756 
4763.599 0.0042 0 -0.1014 
4768.599 -0.016667 0 -0.094444 
4773.599 -0.035533 0 -0.088156 
4778.599 -0.0516 0 -0.0828 
4783.599 -0.064067 0 -0.078644 
4788.599 -0.072133 0 -0.075956 
4793.599 -0.075 0.0 -0.075 
5168.5355 -0.075 0.0 -0.075 
5543.472 -0.075 0 -0.075 
5548.472 -0.0708 0 -0.075 
5553.472 -0.0594 0 -0.075 
5558.472 -0.0426 0 -0.075 
5563.472 -0.0222 0 -0.075 
5568.472 0.0 0 -0.075 
5573.472 0.0222 0 -0.075 
5578.472 0.0426 0 -0.075 
5583.472 0.0594 0 -0.075 
5588.472 0.0708 0 -0.075 
5593.472 0.075 0.0 -0.075 
5824.4265 0.075 0.0 -0.075 
6055.381 0.075 0 -0.075 
6060.381 0.0708 0 -0.075 
6065.381 0.0594 0 -0.075 
6070.381 0.0426 0 -0.075 
6075.381 0.0222 0 -0.075 
6080.381 0.0 0 -0.075 
6085.381 -0.0222 0 -0.075 
6090.381 -0.0426 0 -0.075 
6095.381 -0.0594 0 -0.075 
6100.381 -0.0708 0 -0.075 
6105.381 -0.075 0.0 -0.075 
6407.643 -0.075 0.0 -0.075 
6709.905 -0.075 0.0 -0.075 
