-1.0 -0.075 0 -0.075 
247.616 -0.075 0 -0.075 
285.116 0.075 0 -0.075 
294.491 0.1125 0 -0.1125 
313.241 0.1875 0 -0.1875 
322.616 0.225 0 -0.225 
507.288 0.225 0 -0.225 
516.663 0.1875 0 -0.1875 
535.413 0.1125 0 -0.1125 
544.788 0.075 0 -0.075 
582.288 -0.075 0 -0.075 
1186.661 -0.075 0 -0.075 
1223.804 -0.075 0 0.075 
1233.09 -0.1125 0 0.1125 
1251.661 -0.1875 0 0.1875 
1406.947 -0.1875 0 0.1875 
1425.518 -0.1125 0 0.1125 
1434.804 -0.075 0 0.075 
1471.947 -0.075 0 -0.075 
1903.915 -0.075 0 -0.075 
1940.581 0.075 0 -0.075 
1949.748 0.1125 0 -0.1125 
1958.915 0.15 0 -0.15 
2188.034 0.15 0 -0.15 
2197.201 0.1125 0 -0.1125 
2206.368 0.075 0 -0.075 
2243.034 -0.075 0 -0.075 
4332.362 -0.075 0 -0.075 
4369.029 0.075 0 -0.075 
4378.196 0.1125 0 -0.1125 
4387.362 0.15 0 -0.15 
4718.599 0.15 0 -0.15 
4727.766 0.1125 0 -0.1125 
4736.933 0.075 0 -0.075 
4773.599 -0.075 0 -0.075 
5553.472 -0.075 0 -0.075 
5593.472 0.075 0 -0.075 
6055.381 0.075 0 -0.075 
6095.381 -0.075 0 -0.075 
6709.905 -0.075 0 -0.075 
