-1.0 -3.75 0 3.75
222.616 -3.75 0 3.75
272.616 -3.75 0 3.75
285.116 -3.75 0 3.75
310.116 -3.75 0 3.75
322.616 -3.75 0 3.75
507.288 -3.75 0 3.75
519.788 -3.75 0 3.75
544.788 -3.75 0 3.75
557.288 -3.75 0 3.75
607.288 -3.75 0 3.75
1091.661 -3.75 0 3.75
1140.233 -3.75 0 3.75
1152.376 -3.75 0 3.75
1176.661 -3.75 0 3.75
1481.947 -3.75 0 3.75
1506.232 -3.75 0 3.75
1518.375 -3.75 0 3.75
1566.947 -3.75 0 3.75
1708.915 -3.75 0 3.75
1758.915 -3.75 0 3.75
1771.415 -3.75 0 3.75
1783.915 -3.75 0 3.75
2363.034 -3.75 0 3.75
2375.534 -3.75 0 3.75
2388.034 -3.75 0 3.75
2438.034 -3.75 0 3.75
4187.362 -3.75 0 3.75
4237.362 -3.75 0 3.75
4249.862 -3.75 0 3.75
4262.362 -3.75 0 3.75
4843.599 -3.75 0 3.75
4856.099 -3.75 0 3.75
4868.599 -3.75 0 3.75
4918.599 -3.75 0 3.75
5143.472 -3.75 0 3.75
5193.472 -3.75 0 3.75
6455.381 -3.75 0 3.75
6505.381 -3.75 0 3.75
6709.905 -3.75 0 3.75
