-1.0 -0.075 0 -0.075 
222.616 -0.075 0 -0.075 
272.616 0.075 0 -0.075 
285.116 0.1125 0 -0.1125 
310.116 0.1875 0 -0.1875 
322.616 0.225 0 -0.225 
507.288 0.225 0 -0.225 
519.788 0.1875 0 -0.1875 
544.788 0.1125 0 -0.1125 
557.288 0.075 0 -0.075 
607.288 -0.075 0 -0.075 
1121.661 -0.075 0 -0.075 
1195.947 -0.075 0 0.075 
1214.519 -0.1125 0 0.1125 
1251.661 -0.1875 0 0.1875 
1406.947 -0.1875 0 0.1875 
1444.089 -0.1125 0 0.1125 
1462.661 -0.075 0 0.075 
1536.947 -0.075 0 -0.075 
1848.915 -0.075 0 -0.075 
1922.248 0.075 0 -0.075 
1940.581 0.1125 0 -0.1125 
1958.915 0.15 0 -0.15 
2188.034 0.15 0 -0.15 
2206.368 0.1125 0 -0.1125 
2224.701 0.075 0 -0.075 
2298.034 -0.075 0 -0.075 
4277.362 -0.075 0 -0.075 
4350.696 0.075 0 -0.075 
4369.029 0.1125 0 -0.1125 
4387.362 0.15 0 -0.15 
4718.599 0.15 0 -0.15 
4736.933 0.1125 0 -0.1125 
4755.266 0.075 0 -0.075 
4828.599 -0.075 0 -0.075 
5518.472 -0.075 0 -0.075 
5593.472 0.075 0 -0.075 
6055.381 0.075 0 -0.075 
6130.381 -0.075 0 -0.075 
6709.905 -0.075 0 -0.075 
