-1.0 -3.75 0 3.75
262.616 -3.75 0 3.75
292.616 -3.75 0 3.75
300.116 -3.75 0 3.75
315.116 -3.75 0 3.75
322.616 -3.75 0 3.75
507.288 -3.75 0 3.75
514.788 -3.75 0 3.75
529.788 -3.75 0 3.75
537.288 -3.75 0 3.75
567.288 -3.75 0 3.75
1196.661 -3.75 0 3.75
1228.09 -3.75 0 3.75
1235.947 -3.75 0 3.75
1251.661 -3.75 0 3.75
1406.947 -3.75 0 3.75
1422.661 -3.75 0 3.75
1430.518 -3.75 0 3.75
1461.947 -3.75 0 3.75
1913.915 -3.75 0 3.75
1943.915 -3.75 0 3.75
1951.415 -3.75 0 3.75
1958.915 -3.75 0 3.75
2188.034 -3.75 0 3.75
2195.534 -3.75 0 3.75
2203.034 -3.75 0 3.75
2233.034 -3.75 0 3.75
4342.362 -3.75 0 3.75
4372.362 -3.75 0 3.75
4379.862 -3.75 0 3.75
4387.362 -3.75 0 3.75
4718.599 -3.75 0 3.75
4726.099 -3.75 0 3.75
4733.599 -3.75 0 3.75
4763.599 -3.75 0 3.75
5563.472 -3.75 0 3.75
5593.472 -3.75 0 3.75
6055.381 -3.75 0 3.75
6085.381 -3.75 0 3.75
6709.905 -3.75 0 3.75
