-1.0 -3.75 0 3.75
222.616 -3.75 0 3.75
272.616 -3.75 0 3.75
285.116 -3.75 0 3.75
310.116 -3.75 0 3.75
322.616 -3.75 0 3.75
507.288 -3.75 0 3.75
519.788 -3.75 0 3.75
544.788 -3.75 0 3.75
557.288 -3.75 0 3.75
607.288 -3.75 0 3.75
1091.661 -3.75 0 3.75
1151.661 -3.75 0 3.75
1166.661 -3.75 0 3.75
1196.661 -3.75 0 3.75
1461.947 -3.75 0 3.75
1491.947 -3.75 0 3.75
1506.947 -3.75 0 3.75
1566.947 -3.75 0 3.75
1708.915 -3.75 0 3.75
1768.915 -3.75 0 3.75
1783.915 -3.75 0 3.75
1798.915 -3.75 0 3.75
2348.034 -3.75 0 3.75
2363.034 -3.75 0 3.75
2378.034 -3.75 0 3.75
2438.034 -3.75 0 3.75
4187.362 -3.75 0 3.75
4247.362 -3.75 0 3.75
4262.362 -3.75 0 3.75
4277.362 -3.75 0 3.75
4828.599 -3.75 0 3.75
4843.599 -3.75 0 3.75
4858.599 -3.75 0 3.75
4918.599 -3.75 0 3.75
5143.472 -3.75 0 3.75
5203.472 -3.75 0 3.75
6445.381 -3.75 0 3.75
6505.381 -3.75 0 3.75
6709.905 -3.75 0 3.75
