-1.0 -3.75 0 3.75
110.808 -3.75 0 3.75
222.616 -3.75 0 3.75
227.616 -3.75 0 3.75
232.616 -3.75 0 3.75
237.616 -3.75 0 3.75
242.616 -3.75 0 3.75
247.616 -3.75 0 3.75
252.616 -3.75 0 3.75
257.616 -3.75 0 3.75
262.616 -3.75 0 3.75
267.616 -3.75 0 3.75
272.616 -3.75 0 3.75
277.616 -3.75 0 3.75
282.616 -3.75 0 3.75
287.616 -3.75 0 3.75
292.616 -3.75 0 3.75
297.616 -3.75 0 3.75
302.616 -3.75 0 3.75
307.616 -3.75 0 3.75
312.616 -3.75 0 3.75
322.616 -3.75 0 3.75
414.952 -3.75 0 3.75
507.288 -3.75 0 3.75
512.288 -3.75 0 3.75
517.288 -3.75 0 3.75
522.288 -3.75 0 3.75
527.288 -3.75 0 3.75
532.288 -3.75 0 3.75
537.288 -3.75 0 3.75
542.288 -3.75 0 3.75
547.288 -3.75 0 3.75
552.288 -3.75 0 3.75
557.288 -3.75 0 3.75
562.288 -3.75 0 3.75
567.288 -3.75 0 3.75
572.288 -3.75 0 3.75
577.288 -3.75 0 3.75
582.288 -3.75 0 3.75
587.288 -3.75 0 3.75
592.288 -3.75 0 3.75
597.288 -3.75 0 3.75
602.288 -3.75 0 3.75
607.288 -3.75 0 3.75
849.4745 -3.75 0 3.75
1091.661 -3.75 0 3.75
1096.661 -3.75 0 3.75
1101.661 -3.75 0 3.75
1106.661 -3.75 0 3.75
1111.661 -3.75 0 3.75
1116.661 -3.75 0 3.75
1121.661 -3.75 0 3.75
1126.661 -3.75 0 3.75
1131.661 -3.75 0 3.75
1136.661 -3.75 0 3.75
1141.661 -3.75 0 3.75
1146.661 -3.75 0 3.75
1151.661 -3.75 0 3.75
1156.661 -3.75 0 3.75
1161.661 -3.75 0 3.75
1166.661 -3.75 0 3.75
1171.661 -3.75 0 3.75
1176.661 -3.75 0 3.75
1329.304 -3.75 0 3.75
1481.947 -3.75 0 3.75
1486.947 -3.75 0 3.75
1491.947 -3.75 0 3.75
1496.947 -3.75 0 3.75
1501.947 -3.75 0 3.75
1506.947 -3.75 0 3.75
1511.947 -3.75 0 3.75
1516.947 -3.75 0 3.75
1521.947 -3.75 0 3.75
1526.947 -3.75 0 3.75
1531.947 -3.75 0 3.75
1536.947 -3.75 0 3.75
1541.947 -3.75 0 3.75
1546.947 -3.75 0 3.75
1551.947 -3.75 0 3.75
1556.947 -3.75 0 3.75
1561.947 -3.75 0 3.75
1566.947 -3.75 0 3.75
1637.931 -3.75 0 3.75
1708.915 -3.75 0 3.75
1713.915 -3.75 0 3.75
1718.915 -3.75 0 3.75
1723.915 -3.75 0 3.75
1728.915 -3.75 0 3.75
1733.915 -3.75 0 3.75
1738.915 -3.75 0 3.75
1743.915 -3.75 0 3.75
1748.915 -3.75 0 3.75
1753.915 -3.75 0 3.75
1758.915 -3.75 0 3.75
1763.915 -3.75 0 3.75
1768.915 -3.75 0 3.75
1773.915 -3.75 0 3.75
1778.915 -3.75 0 3.75
1783.915 -3.75 0 3.75
2073.4745 -3.75 0 3.75
2363.034 -3.75 0 3.75
2368.034 -3.75 0 3.75
2373.034 -3.75 0 3.75
2378.034 -3.75 0 3.75
2383.034 -3.75 0 3.75
2388.034 -3.75 0 3.75
2393.034 -3.75 0 3.75
2398.034 -3.75 0 3.75
2403.034 -3.75 0 3.75
2408.034 -3.75 0 3.75
2413.034 -3.75 0 3.75
2418.034 -3.75 0 3.75
2423.034 -3.75 0 3.75
2428.034 -3.75 0 3.75
2433.034 -3.75 0 3.75
2438.034 -3.75 0 3.75
3312.698 -3.75 0 3.75
4187.362 -3.75 0 3.75
4192.362 -3.75 0 3.75
4197.362 -3.75 0 3.75
4202.362 -3.75 0 3.75
4207.362 -3.75 0 3.75
4212.362 -3.75 0 3.75
4217.362 -3.75 0 3.75
4222.362 -3.75 0 3.75
4227.362 -3.75 0 3.75
4232.362 -3.75 0 3.75
4237.362 -3.75 0 3.75
4242.362 -3.75 0 3.75
4247.362 -3.75 0 3.75
4252.362 -3.75 0 3.75
4257.362 -3.75 0 3.75
4262.362 -3.75 0 3.75
4552.9805 -3.75 0 3.75
4843.599 -3.75 0 3.75
4848.599 -3.75 0 3.75
4853.599 -3.75 0 3.75
4858.599 -3.75 0 3.75
4863.599 -3.75 0 3.75
4868.599 -3.75 0 3.75
4873.599 -3.75 0 3.75
4878.599 -3.75 0 3.75
4883.599 -3.75 0 3.75
4888.599 -3.75 0 3.75
4893.599 -3.75 0 3.75
4898.599 -3.75 0 3.75
4903.599 -3.75 0 3.75
4908.599 -3.75 0 3.75
4913.599 -3.75 0 3.75
4918.599 -3.75 0 3.75
5031.0355 -3.75 0 3.75
5143.472 -3.75 0 3.75
5148.472 -3.75 0 3.75
5153.472 -3.75 0 3.75
5158.472 -3.75 0 3.75
5163.472 -3.75 0 3.75
5168.472 -3.75 0 3.75
5173.472 -3.75 0 3.75
5178.472 -3.75 0 3.75
5183.472 -3.75 0 3.75
5188.472 -3.75 0 3.75
5193.472 -3.75 0 3.75
5824.4265 -3.75 0 3.75
6455.381 -3.75 0 3.75
6460.381 -3.75 0 3.75
6465.381 -3.75 0 3.75
6470.381 -3.75 0 3.75
6475.381 -3.75 0 3.75
6480.381 -3.75 0 3.75
6485.381 -3.75 0 3.75
6490.381 -3.75 0 3.75
6495.381 -3.75 0 3.75
6500.381 -3.75 0 3.75
6505.381 -3.75 0 3.75
6607.643 -3.75 0 3.75
6709.905 -3.75 0 3.75
