-1.0 -0.075 0 -0.075 
222.616 -0.075 0 -0.075 
272.616 0.075 0 -0.075 
285.116 0.1125 0 -0.1125 
310.116 0.1875 0 -0.1875 
322.616 0.225 0 -0.225 
507.288 0.225 0 -0.225 
519.788 0.1875 0 -0.1875 
544.788 0.1125 0 -0.1125 
557.288 0.075 0 -0.075 
607.288 -0.075 0 -0.075 
1091.661 -0.075 0 -0.075 
1140.233 -0.075 0 0.075 
1152.376 -0.1125 0 0.1125 
1176.661 -0.1875 0 0.1875 
1481.947 -0.1875 0 0.1875 
1506.232 -0.1125 0 0.1125 
1518.375 -0.075 0 0.075 
1566.947 -0.075 0 -0.075 
1708.915 -0.075 0 -0.075 
1758.915 0.075 0 -0.075 
1771.415 0.1125 0 -0.1125 
1783.915 0.15 0 -0.15 
2363.034 0.15 0 -0.15 
2375.534 0.1125 0 -0.1125 
2388.034 0.075 0 -0.075 
2438.034 -0.075 0 -0.075 
4187.362 -0.075 0 -0.075 
4237.362 0.075 0 -0.075 
4249.862 0.1125 0 -0.1125 
4262.362 0.15 0 -0.15 
4843.599 0.15 0 -0.15 
4856.099 0.1125 0 -0.1125 
4868.599 0.075 0 -0.075 
4918.599 -0.075 0 -0.075 
5143.472 -0.075 0 -0.075 
5193.472 0.075 0 -0.075 
6455.381 0.075 0 -0.075 
6505.381 -0.075 0 -0.075 
6709.905 -0.075 0 -0.075 
