-1.0 -0.075 0 -0.075 
222.616 -0.075 0 -0.075 
272.616 0.075 0 -0.075 
285.116 0.1125 0 -0.1125 
310.116 0.1875 0 -0.1875 
322.616 0.225 0 -0.225 
507.288 0.225 0 -0.225 
519.788 0.1875 0 -0.1875 
544.788 0.1125 0 -0.1125 
557.288 0.075 0 -0.075 
607.288 -0.075 0 -0.075 
1091.661 -0.075 0 -0.075 
1165.947 -0.075 0 0.075 
1184.519 -0.1125 0 0.1125 
1221.661 -0.1875 0 0.1875 
1436.947 -0.1875 0 0.1875 
1474.089 -0.1125 0 0.1125 
1492.661 -0.075 0 0.075 
1566.947 -0.075 0 -0.075 
1708.915 -0.075 0 -0.075 
1782.248 0.075 0 -0.075 
1800.581 0.1125 0 -0.1125 
1818.915 0.15 0 -0.15 
2328.034 0.15 0 -0.15 
2346.368 0.1125 0 -0.1125 
2364.701 0.075 0 -0.075 
2438.034 -0.075 0 -0.075 
4187.362 -0.075 0 -0.075 
4260.696 0.075 0 -0.075 
4279.029 0.1125 0 -0.1125 
4297.362 0.15 0 -0.15 
4808.599 0.15 0 -0.15 
4826.933 0.1125 0 -0.1125 
4845.266 0.075 0 -0.075 
4918.599 -0.075 0 -0.075 
5143.472 -0.075 0 -0.075 
5218.472 0.075 0 -0.075 
6430.381 0.075 0 -0.075 
6505.381 -0.075 0 -0.075 
6709.905 -0.075 0 -0.075 
