-1.0 -3.75 0 3.75
222.616 -3.75 0 3.75
272.616 -3.75 0 3.75
285.116 -3.75 0 3.75
310.116 -3.75 0 3.75
322.616 -3.75 0 3.75
507.288 -3.75 0 3.75
519.788 -3.75 0 3.75
544.788 -3.75 0 3.75
557.288 -3.75 0 3.75
607.288 -3.75 0 3.75
1121.661 -3.75 0 3.75
1195.947 -3.75 0 3.75
1214.519 -3.75 0 3.75
1251.661 -3.75 0 3.75
1406.947 -3.75 0 3.75
1444.089 -3.75 0 3.75
1462.661 -3.75 0 3.75
1536.947 -3.75 0 3.75
1848.915 -3.75 0 3.75
1922.248 -3.75 0 3.75
1940.581 -3.75 0 3.75
1958.915 -3.75 0 3.75
2188.034 -3.75 0 3.75
2206.368 -3.75 0 3.75
2224.701 -3.75 0 3.75
2298.034 -3.75 0 3.75
4277.362 -3.75 0 3.75
4350.696 -3.75 0 3.75
4369.029 -3.75 0 3.75
4387.362 -3.75 0 3.75
4718.599 -3.75 0 3.75
4736.933 -3.75 0 3.75
4755.266 -3.75 0 3.75
4828.599 -3.75 0 3.75
5518.472 -3.75 0 3.75
5593.472 -3.75 0 3.75
6055.381 -3.75 0 3.75
6130.381 -3.75 0 3.75
6709.905 -3.75 0 3.75
