-1.0 -3.75 0 3.75
222.616 -3.75 0 3.75
272.616 -3.75 0 3.75
285.116 -3.75 0 3.75
310.116 -3.75 0 3.75
322.616 -3.75 0 3.75
507.288 -3.75 0 3.75
519.788 -3.75 0 3.75
544.788 -3.75 0 3.75
557.288 -3.75 0 3.75
607.288 -3.75 0 3.75
1166.661 -3.75 0 3.75
1215.233 -3.75 0 3.75
1227.376 -3.75 0 3.75
1251.661 -3.75 0 3.75
1406.947 -3.75 0 3.75
1431.232 -3.75 0 3.75
1443.375 -3.75 0 3.75
1491.947 -3.75 0 3.75
1883.915 -3.75 0 3.75
1933.915 -3.75 0 3.75
1946.415 -3.75 0 3.75
1958.915 -3.75 0 3.75
2188.034 -3.75 0 3.75
2200.534 -3.75 0 3.75
2213.034 -3.75 0 3.75
2263.034 -3.75 0 3.75
4312.362 -3.75 0 3.75
4362.362 -3.75 0 3.75
4374.862 -3.75 0 3.75
4387.362 -3.75 0 3.75
4718.599 -3.75 0 3.75
4731.099 -3.75 0 3.75
4743.599 -3.75 0 3.75
4793.599 -3.75 0 3.75
5543.472 -3.75 0 3.75
5593.472 -3.75 0 3.75
6055.381 -3.75 0 3.75
6105.381 -3.75 0 3.75
6709.905 -3.75 0 3.75
