-1.0 -0.075 0 -0.075 
222.616 -0.075 0 -0.075 
272.616 0.075 0 -0.075 
285.116 0.1125 0 -0.1125 
310.116 0.1875 0 -0.1875 
322.616 0.225 0 -0.225 
507.288 0.225 0 -0.225 
519.788 0.1875 0 -0.1875 
544.788 0.1125 0 -0.1125 
557.288 0.075 0 -0.075 
607.288 -0.075 0 -0.075 
1146.661 -0.075 0 -0.075 
1206.661 -0.075 0 0.075 
1221.661 -0.1125 0 0.1125 
1251.661 -0.1875 0 0.1875 
1406.947 -0.1875 0 0.1875 
1436.947 -0.1125 0 0.1125 
1451.947 -0.075 0 0.075 
1511.947 -0.075 0 -0.075 
1868.915 -0.075 0 -0.075 
1928.915 0.075 0 -0.075 
1943.915 0.1125 0 -0.1125 
1958.915 0.15 0 -0.15 
2188.034 0.15 0 -0.15 
2203.034 0.1125 0 -0.1125 
2218.034 0.075 0 -0.075 
2278.034 -0.075 0 -0.075 
4297.362 -0.075 0 -0.075 
4357.362 0.075 0 -0.075 
4372.362 0.1125 0 -0.1125 
4387.362 0.15 0 -0.15 
4718.599 0.15 0 -0.15 
4733.599 0.1125 0 -0.1125 
4748.599 0.075 0 -0.075 
4808.599 -0.075 0 -0.075 
5533.472 -0.075 0 -0.075 
5593.472 0.075 0 -0.075 
6055.381 0.075 0 -0.075 
6115.381 -0.075 0 -0.075 
6709.905 -0.075 0 -0.075 
