-1.0 -3.75 0 3.75
110.808 -3.75 0 3.75
222.616 -3.75 0 3.75
227.616 -3.75 0 3.75
232.616 -3.75 0 3.75
237.616 -3.75 0 3.75
242.616 -3.75 0 3.75
247.616 -3.75 0 3.75
252.616 -3.75 0 3.75
257.616 -3.75 0 3.75
262.616 -3.75 0 3.75
267.616 -3.75 0 3.75
272.616 -3.75 0 3.75
277.616 -3.75 0 3.75
282.616 -3.75 0 3.75
287.616 -3.75 0 3.75
292.616 -3.75 0 3.75
297.616 -3.75 0 3.75
302.616 -3.75 0 3.75
307.616 -3.75 0 3.75
312.616 -3.75 0 3.75
322.616 -3.75 0 3.75
414.952 -3.75 0 3.75
507.288 -3.75 0 3.75
512.288 -3.75 0 3.75
517.288 -3.75 0 3.75
522.288 -3.75 0 3.75
527.288 -3.75 0 3.75
532.288 -3.75 0 3.75
537.288 -3.75 0 3.75
542.288 -3.75 0 3.75
547.288 -3.75 0 3.75
552.288 -3.75 0 3.75
557.288 -3.75 0 3.75
562.288 -3.75 0 3.75
567.288 -3.75 0 3.75
572.288 -3.75 0 3.75
577.288 -3.75 0 3.75
582.288 -3.75 0 3.75
587.288 -3.75 0 3.75
592.288 -3.75 0 3.75
597.288 -3.75 0 3.75
602.288 -3.75 0 3.75
607.288 -3.75 0 3.75
886.9745 -3.75 0 3.75
1166.661 -3.75 0 3.75
1171.661 -3.75 0 3.75
1176.661 -3.75 0 3.75
1181.661 -3.75 0 3.75
1186.661 -3.75 0 3.75
1191.661 -3.75 0 3.75
1196.661 -3.75 0 3.75
1201.661 -3.75 0 3.75
1206.661 -3.75 0 3.75
1211.661 -3.75 0 3.75
1216.661 -3.75 0 3.75
1221.661 -3.75 0 3.75
1226.661 -3.75 0 3.75
1231.661 -3.75 0 3.75
1236.661 -3.75 0 3.75
1241.661 -3.75 0 3.75
1246.661 -3.75 0 3.75
1251.661 -3.75 0 3.75
1329.304 -3.75 0 3.75
1406.947 -3.75 0 3.75
1411.947 -3.75 0 3.75
1416.947 -3.75 0 3.75
1421.947 -3.75 0 3.75
1426.947 -3.75 0 3.75
1431.947 -3.75 0 3.75
1436.947 -3.75 0 3.75
1441.947 -3.75 0 3.75
1446.947 -3.75 0 3.75
1451.947 -3.75 0 3.75
1456.947 -3.75 0 3.75
1461.947 -3.75 0 3.75
1466.947 -3.75 0 3.75
1471.947 -3.75 0 3.75
1476.947 -3.75 0 3.75
1481.947 -3.75 0 3.75
1486.947 -3.75 0 3.75
1491.947 -3.75 0 3.75
1687.931 -3.75 0 3.75
1883.915 -3.75 0 3.75
1888.915 -3.75 0 3.75
1893.915 -3.75 0 3.75
1898.915 -3.75 0 3.75
1903.915 -3.75 0 3.75
1908.915 -3.75 0 3.75
1913.915 -3.75 0 3.75
1918.915 -3.75 0 3.75
1923.915 -3.75 0 3.75
1928.915 -3.75 0 3.75
1933.915 -3.75 0 3.75
1938.915 -3.75 0 3.75
1943.915 -3.75 0 3.75
1948.915 -3.75 0 3.75
1953.915 -3.75 0 3.75
1958.915 -3.75 0 3.75
2073.4745 -3.75 0 3.75
2188.034 -3.75 0 3.75
2193.034 -3.75 0 3.75
2198.034 -3.75 0 3.75
2203.034 -3.75 0 3.75
2208.034 -3.75 0 3.75
2213.034 -3.75 0 3.75
2218.034 -3.75 0 3.75
2223.034 -3.75 0 3.75
2228.034 -3.75 0 3.75
2233.034 -3.75 0 3.75
2238.034 -3.75 0 3.75
2243.034 -3.75 0 3.75
2248.034 -3.75 0 3.75
2253.034 -3.75 0 3.75
2258.034 -3.75 0 3.75
2263.034 -3.75 0 3.75
3287.698 -3.75 0 3.75
4312.362 -3.75 0 3.75
4317.362 -3.75 0 3.75
4322.362 -3.75 0 3.75
4327.362 -3.75 0 3.75
4332.362 -3.75 0 3.75
4337.362 -3.75 0 3.75
4342.362 -3.75 0 3.75
4347.362 -3.75 0 3.75
4352.362 -3.75 0 3.75
4357.362 -3.75 0 3.75
4362.362 -3.75 0 3.75
4367.362 -3.75 0 3.75
4372.362 -3.75 0 3.75
4377.362 -3.75 0 3.75
4382.362 -3.75 0 3.75
4387.362 -3.75 0 3.75
4552.9805 -3.75 0 3.75
4718.599 -3.75 0 3.75
4723.599 -3.75 0 3.75
4728.599 -3.75 0 3.75
4733.599 -3.75 0 3.75
4738.599 -3.75 0 3.75
4743.599 -3.75 0 3.75
4748.599 -3.75 0 3.75
4753.599 -3.75 0 3.75
4758.599 -3.75 0 3.75
4763.599 -3.75 0 3.75
4768.599 -3.75 0 3.75
4773.599 -3.75 0 3.75
4778.599 -3.75 0 3.75
4783.599 -3.75 0 3.75
4788.599 -3.75 0 3.75
4793.599 -3.75 0 3.75
5168.5355 -3.75 0 3.75
5543.472 -3.75 0 3.75
5548.472 -3.75 0 3.75
5553.472 -3.75 0 3.75
5558.472 -3.75 0 3.75
5563.472 -3.75 0 3.75
5568.472 -3.75 0 3.75
5573.472 -3.75 0 3.75
5578.472 -3.75 0 3.75
5583.472 -3.75 0 3.75
5588.472 -3.75 0 3.75
5593.472 -3.75 0 3.75
5824.4265 -3.75 0 3.75
6055.381 -3.75 0 3.75
6060.381 -3.75 0 3.75
6065.381 -3.75 0 3.75
6070.381 -3.75 0 3.75
6075.381 -3.75 0 3.75
6080.381 -3.75 0 3.75
6085.381 -3.75 0 3.75
6090.381 -3.75 0 3.75
6095.381 -3.75 0 3.75
6100.381 -3.75 0 3.75
6105.381 -3.75 0 3.75
6407.643 -3.75 0 3.75
6709.905 -3.75 0 3.75
