-1.0 -0.075 0 -0.075 
222.616 -0.075 0 -0.075 
260.116 0.075 0 -0.075 
269.491 0.1125 0 -0.1125 
288.241 0.1875 0 -0.1875 
297.616 0.225 0 -0.225 
532.288 0.225 0 -0.225 
541.663 0.1875 0 -0.1875 
560.413 0.1125 0 -0.1125 
569.788 0.075 0 -0.075 
607.288 -0.075 0 -0.075 
1091.661 -0.075 0 -0.075 
1128.804 -0.075 0 0.075 
1138.09 -0.1125 0 0.1125 
1156.661 -0.1875 0 0.1875 
1501.947 -0.1875 0 0.1875 
1520.518 -0.1125 0 0.1125 
1529.804 -0.075 0 0.075 
1566.947 -0.075 0 -0.075 
1708.915 -0.075 0 -0.075 
1745.581 0.075 0 -0.075 
1754.748 0.1125 0 -0.1125 
1763.915 0.15 0 -0.15 
2383.034 0.15 0 -0.15 
2392.201 0.1125 0 -0.1125 
2401.368 0.075 0 -0.075 
2438.034 -0.075 0 -0.075 
4187.362 -0.075 0 -0.075 
4224.029 0.075 0 -0.075 
4233.196 0.1125 0 -0.1125 
4242.362 0.15 0 -0.15 
4863.599 0.15 0 -0.15 
4872.766 0.1125 0 -0.1125 
4881.933 0.075 0 -0.075 
4918.599 -0.075 0 -0.075 
5143.472 -0.075 0 -0.075 
5183.472 0.075 0 -0.075 
6465.381 0.075 0 -0.075 
6505.381 -0.075 0 -0.075 
6709.905 -0.075 0 -0.075 
