-1.0 -3.75 0 3.75
247.616 -3.75 0 3.75
285.116 -3.75 0 3.75
294.491 -3.75 0 3.75
313.241 -3.75 0 3.75
322.616 -3.75 0 3.75
507.288 -3.75 0 3.75
516.663 -3.75 0 3.75
535.413 -3.75 0 3.75
544.788 -3.75 0 3.75
582.288 -3.75 0 3.75
1186.661 -3.75 0 3.75
1223.804 -3.75 0 3.75
1233.09 -3.75 0 3.75
1251.661 -3.75 0 3.75
1406.947 -3.75 0 3.75
1425.518 -3.75 0 3.75
1434.804 -3.75 0 3.75
1471.947 -3.75 0 3.75
1903.915 -3.75 0 3.75
1940.581 -3.75 0 3.75
1949.748 -3.75 0 3.75
1958.915 -3.75 0 3.75
2188.034 -3.75 0 3.75
2197.201 -3.75 0 3.75
2206.368 -3.75 0 3.75
2243.034 -3.75 0 3.75
4332.362 -3.75 0 3.75
4369.029 -3.75 0 3.75
4378.196 -3.75 0 3.75
4387.362 -3.75 0 3.75
4718.599 -3.75 0 3.75
4727.766 -3.75 0 3.75
4736.933 -3.75 0 3.75
4773.599 -3.75 0 3.75
5553.472 -3.75 0 3.75
5593.472 -3.75 0 3.75
6055.381 -3.75 0 3.75
6095.381 -3.75 0 3.75
6709.905 -3.75 0 3.75
