-1.0 -0.075 0.0 -0.075 
110.808 -0.075 0.0 -0.075 
222.616 -0.075 0 -0.075 
227.616 -0.072825 0 -0.076088 
232.616 -0.0666 0 -0.0792 
237.616 -0.056775 0 -0.084113 
242.616 -0.0438 0 -0.0906 
247.616 -0.028125 0 -0.098438 
252.616 -0.0102 0 -0.1074 
257.616 0.009525 0 -0.117263 
262.616 0.0306 0 -0.1278 
267.616 0.052575 0 -0.138788 
272.616 0.075 0 -0.15 
277.616 0.097425 0 -0.161213 
282.616 0.1194 0 -0.1722 
287.616 0.140475 0 -0.182738 
292.616 0.1602 0 -0.1926 
297.616 0.178125 0 -0.201563 
302.616 0.1938 0 -0.2094 
307.616 0.206775 0 -0.215888 
312.616 0.2166 0 -0.2208 
322.616 0.225 0.0 -0.225 
414.952 0.225 0.0 -0.225 
507.288 0.225 0 -0.225 
512.288 0.222825 0 -0.223912 
517.288 0.2166 0 -0.2208 
522.288 0.206775 0 -0.215887 
527.288 0.1938 0 -0.2094 
532.288 0.178125 0 -0.201562 
537.288 0.1602 0 -0.1926 
542.288 0.140475 0 -0.182737 
547.288 0.1194 0 -0.1722 
552.288 0.097425 0 -0.161212 
557.288 0.075 0 -0.15 
562.288 0.052575 0 -0.138787 
567.288 0.0306 0 -0.1278 
572.288 0.009525 0 -0.117263 
577.288 -0.0102 0 -0.1074 
582.288 -0.028125 0 -0.098437 
587.288 -0.0438 0 -0.0906 
592.288 -0.056775 0 -0.084112 
597.288 -0.0666 0 -0.0792 
602.288 -0.072825 0 -0.076087 
607.288 -0.075 0.0 -0.075 
849.4745 -0.075 0.0 -0.075 
1091.661 -0.075 0 -0.075 
1096.661 -0.076122 0 -0.072382 
1101.661 -0.079305 0 -0.064955 
1106.661 -0.084274 0 -0.053361 
1111.661 -0.090754 0 -0.03824 
1116.661 -0.098471 0 -0.020235 
1121.661 -0.107149 0 1.5e-05 
1126.661 -0.116515 0 0.021868 
1131.661 -0.126292 0 0.044682 
1136.661 -0.136208 0 0.067818 
1141.661 -0.145985 0 0.090632 
1146.661 -0.155351 0 0.112485 
1151.661 -0.164029 0 0.132735 
1156.661 -0.171746 0 0.15074 
1161.661 -0.178226 0 0.165861 
1166.661 -0.183195 0 0.177455 
1171.661 -0.186378 0 0.184882 
1176.661 -0.1875 0.0 0.1875 
1329.304 -0.1875 0.0 0.1875 
1481.947 -0.1875 0 0.1875 
1486.947 -0.186378 0 0.184882 
1491.947 -0.183195 0 0.177455 
1496.947 -0.178226 0 0.165861 
1501.947 -0.171746 0 0.15074 
1506.947 -0.164029 0 0.132735 
1511.947 -0.155351 0 0.112485 
1516.947 -0.145985 0 0.090632 
1521.947 -0.136208 0 0.067818 
1526.947 -0.126292 0 0.044682 
1531.947 -0.116515 0 0.021868 
1536.947 -0.107149 0 1.5e-05 
1541.947 -0.098471 0 -0.020235 
1546.947 -0.090754 0 -0.03824 
1551.947 -0.084274 0 -0.053361 
1556.947 -0.079305 0 -0.064955 
1561.947 -0.076122 0 -0.072382 
1566.947 -0.075 0.0 -0.075 
1637.931 -0.075 0.0 -0.075 
1708.915 -0.075 0 -0.075 
1713.915 -0.072133 0 -0.075956 
1718.915 -0.064067 0 -0.078644 
1723.915 -0.0516 0 -0.0828 
1728.915 -0.035533 0 -0.088156 
1733.915 -0.016667 0 -0.094444 
1738.915 0.0042 0 -0.1014 
1743.915 0.026267 0 -0.108756 
1748.915 0.048733 0 -0.116244 
1753.915 0.0708 0 -0.1236 
1758.915 0.091667 0 -0.130556 
1763.915 0.110533 0 -0.136844 
1768.915 0.1266 0 -0.1422 
1773.915 0.139067 0 -0.146356 
1778.915 0.147133 0 -0.149044 
1783.915 0.15 0.0 -0.15 
2073.4745 0.15 0.0 -0.15 
2363.034 0.15 0 -0.15 
2368.034 0.147133 0 -0.149044 
2373.034 0.139067 0 -0.146356 
2378.034 0.1266 0 -0.1422 
2383.034 0.110533 0 -0.136844 
2388.034 0.091667 0 -0.130556 
2393.034 0.0708 0 -0.1236 
2398.034 0.048733 0 -0.116244 
2403.034 0.026267 0 -0.108756 
2408.034 0.0042 0 -0.1014 
2413.034 -0.016667 0 -0.094444 
2418.034 -0.035533 0 -0.088156 
2423.034 -0.0516 0 -0.0828 
2428.034 -0.064067 0 -0.078644 
2433.034 -0.072133 0 -0.075956 
2438.034 -0.075 0.0 -0.075 
3312.698 -0.075 0.0 -0.075 
4187.362 -0.075 0 -0.075 
4192.362 -0.072133 0 -0.075956 
4197.362 -0.064067 0 -0.078644 
4202.362 -0.0516 0 -0.0828 
4207.362 -0.035533 0 -0.088156 
4212.362 -0.016667 0 -0.094444 
4217.362 0.0042 0 -0.1014 
4222.362 0.026267 0 -0.108756 
4227.362 0.048733 0 -0.116244 
4232.362 0.0708 0 -0.1236 
4237.362 0.091667 0 -0.130556 
4242.362 0.110533 0 -0.136844 
4247.362 0.1266 0 -0.1422 
4252.362 0.139067 0 -0.146356 
4257.362 0.147133 0 -0.149044 
4262.362 0.15 0.0 -0.15 
4552.9805 0.15 0.0 -0.15 
4843.599 0.15 0 -0.15 
4848.599 0.147133 0 -0.149044 
4853.599 0.139067 0 -0.146356 
4858.599 0.1266 0 -0.1422 
4863.599 0.110533 0 -0.136844 
4868.599 0.091667 0 -0.130556 
4873.599 0.0708 0 -0.1236 
4878.599 0.048733 0 -0.116244 
4883.599 0.026267 0 -0.108756 
4888.599 0.0042 0 -0.1014 
4893.599 -0.016667 0 -0.094444 
4898.599 -0.035533 0 -0.088156 
4903.599 -0.0516 0 -0.0828 
4908.599 -0.064067 0 -0.078644 
4913.599 -0.072133 0 -0.075956 
4918.599 -0.075 0.0 -0.075 
5031.0355 -0.075 0.0 -0.075 
5143.472 -0.075 0 -0.075 
5148.472 -0.0708 0 -0.075 
5153.472 -0.0594 0 -0.075 
5158.472 -0.0426 0 -0.075 
5163.472 -0.0222 0 -0.075 
5168.472 0.0 0 -0.075 
5173.472 0.0222 0 -0.075 
5178.472 0.0426 0 -0.075 
5183.472 0.0594 0 -0.075 
5188.472 0.0708 0 -0.075 
5193.472 0.075 0.0 -0.075 
5824.4265 0.075 0.0 -0.075 
6455.381 0.075 0 -0.075 
6460.381 0.0708 0 -0.075 
6465.381 0.0594 0 -0.075 
6470.381 0.0426 0 -0.075 
6475.381 0.0222 0 -0.075 
6480.381 0.0 0 -0.075 
6485.381 -0.0222 0 -0.075 
6490.381 -0.0426 0 -0.075 
6495.381 -0.0594 0 -0.075 
6500.381 -0.0708 0 -0.075 
6505.381 -0.075 0.0 -0.075 
6607.643 -0.075 0.0 -0.075 
6709.905 -0.075 0.0 -0.075 
