-1.0 -0.075 0 -0.075 
262.616 -0.075 0 -0.075 
292.616 0.075 0 -0.075 
300.116 0.1125 0 -0.1125 
315.116 0.1875 0 -0.1875 
322.616 0.225 0 -0.225 
507.288 0.225 0 -0.225 
514.788 0.1875 0 -0.1875 
529.788 0.1125 0 -0.1125 
537.288 0.075 0 -0.075 
567.288 -0.075 0 -0.075 
1196.661 -0.075 0 -0.075 
1228.09 -0.075 0 0.075 
1235.947 -0.1125 0 0.1125 
1251.661 -0.1875 0 0.1875 
1406.947 -0.1875 0 0.1875 
1422.661 -0.1125 0 0.1125 
1430.518 -0.075 0 0.075 
1461.947 -0.075 0 -0.075 
1913.915 -0.075 0 -0.075 
1943.915 0.075 0 -0.075 
1951.415 0.1125 0 -0.1125 
1958.915 0.15 0 -0.15 
2188.034 0.15 0 -0.15 
2195.534 0.1125 0 -0.1125 
2203.034 0.075 0 -0.075 
2233.034 -0.075 0 -0.075 
4342.362 -0.075 0 -0.075 
4372.362 0.075 0 -0.075 
4379.862 0.1125 0 -0.1125 
4387.362 0.15 0 -0.15 
4718.599 0.15 0 -0.15 
4726.099 0.1125 0 -0.1125 
4733.599 0.075 0 -0.075 
4763.599 -0.075 0 -0.075 
5563.472 -0.075 0 -0.075 
5593.472 0.075 0 -0.075 
6055.381 0.075 0 -0.075 
6085.381 -0.075 0 -0.075 
6709.905 -0.075 0 -0.075 
