-1.0 -3.75 0 3.75
222.616 -3.75 0 3.75
252.616 -3.75 0 3.75
260.116 -3.75 0 3.75
275.116 -3.75 0 3.75
282.616 -3.75 0 3.75
547.288 -3.75 0 3.75
554.788 -3.75 0 3.75
569.788 -3.75 0 3.75
577.288 -3.75 0 3.75
607.288 -3.75 0 3.75
1091.661 -3.75 0 3.75
1123.09 -3.75 0 3.75
1130.947 -3.75 0 3.75
1146.661 -3.75 0 3.75
1511.947 -3.75 0 3.75
1527.661 -3.75 0 3.75
1535.518 -3.75 0 3.75
1566.947 -3.75 0 3.75
1708.915 -3.75 0 3.75
1738.915 -3.75 0 3.75
1746.415 -3.75 0 3.75
1753.915 -3.75 0 3.75
2393.034 -3.75 0 3.75
2400.534 -3.75 0 3.75
2408.034 -3.75 0 3.75
2438.034 -3.75 0 3.75
4187.362 -3.75 0 3.75
4217.362 -3.75 0 3.75
4224.862 -3.75 0 3.75
4232.362 -3.75 0 3.75
4873.599 -3.75 0 3.75
4881.099 -3.75 0 3.75
4888.599 -3.75 0 3.75
4918.599 -3.75 0 3.75
5143.472 -3.75 0 3.75
5173.472 -3.75 0 3.75
6475.381 -3.75 0 3.75
6505.381 -3.75 0 3.75
6709.905 -3.75 0 3.75
