-1.0 -0.075 0 -0.075 
222.616 -0.075 0 -0.075 
252.616 0.075 0 -0.075 
260.116 0.1125 0 -0.1125 
275.116 0.1875 0 -0.1875 
282.616 0.225 0 -0.225 
547.288 0.225 0 -0.225 
554.788 0.1875 0 -0.1875 
569.788 0.1125 0 -0.1125 
577.288 0.075 0 -0.075 
607.288 -0.075 0 -0.075 
1091.661 -0.075 0 -0.075 
1123.09 -0.075 0 0.075 
1130.947 -0.1125 0 0.1125 
1146.661 -0.1875 0 0.1875 
1511.947 -0.1875 0 0.1875 
1527.661 -0.1125 0 0.1125 
1535.518 -0.075 0 0.075 
1566.947 -0.075 0 -0.075 
1708.915 -0.075 0 -0.075 
1738.915 0.075 0 -0.075 
1746.415 0.1125 0 -0.1125 
1753.915 0.15 0 -0.15 
2393.034 0.15 0 -0.15 
2400.534 0.1125 0 -0.1125 
2408.034 0.075 0 -0.075 
2438.034 -0.075 0 -0.075 
4187.362 -0.075 0 -0.075 
4217.362 0.075 0 -0.075 
4224.862 0.1125 0 -0.1125 
4232.362 0.15 0 -0.15 
4873.599 0.15 0 -0.15 
4881.099 0.1125 0 -0.1125 
4888.599 0.075 0 -0.075 
4918.599 -0.075 0 -0.075 
5143.472 -0.075 0 -0.075 
5173.472 0.075 0 -0.075 
6475.381 0.075 0 -0.075 
6505.381 -0.075 0 -0.075 
6709.905 -0.075 0 -0.075 
