-1.0 -3.75 0 3.75
222.616 -3.75 0 3.75
260.116 -3.75 0 3.75
269.491 -3.75 0 3.75
288.241 -3.75 0 3.75
297.616 -3.75 0 3.75
532.288 -3.75 0 3.75
541.663 -3.75 0 3.75
560.413 -3.75 0 3.75
569.788 -3.75 0 3.75
607.288 -3.75 0 3.75
1091.661 -3.75 0 3.75
1128.804 -3.75 0 3.75
1138.09 -3.75 0 3.75
1156.661 -3.75 0 3.75
1501.947 -3.75 0 3.75
1520.518 -3.75 0 3.75
1529.804 -3.75 0 3.75
1566.947 -3.75 0 3.75
1708.915 -3.75 0 3.75
1745.581 -3.75 0 3.75
1754.748 -3.75 0 3.75
1763.915 -3.75 0 3.75
2383.034 -3.75 0 3.75
2392.201 -3.75 0 3.75
2401.368 -3.75 0 3.75
2438.034 -3.75 0 3.75
4187.362 -3.75 0 3.75
4224.029 -3.75 0 3.75
4233.196 -3.75 0 3.75
4242.362 -3.75 0 3.75
4863.599 -3.75 0 3.75
4872.766 -3.75 0 3.75
4881.933 -3.75 0 3.75
4918.599 -3.75 0 3.75
5143.472 -3.75 0 3.75
5183.472 -3.75 0 3.75
6465.381 -3.75 0 3.75
6505.381 -3.75 0 3.75
6709.905 -3.75 0 3.75
