-1.0 -0.075 0 -0.075 
222.616 -0.075 0 -0.075 
272.616 0.075 0 -0.075 
285.116 0.1125 0 -0.1125 
310.116 0.1875 0 -0.1875 
322.616 0.225 0 -0.225 
507.288 0.225 0 -0.225 
519.788 0.1875 0 -0.1875 
544.788 0.1125 0 -0.1125 
557.288 0.075 0 -0.075 
607.288 -0.075 0 -0.075 
1091.661 -0.075 0 -0.075 
1151.661 -0.075 0 0.075 
1166.661 -0.1125 0 0.1125 
1196.661 -0.1875 0 0.1875 
1461.947 -0.1875 0 0.1875 
1491.947 -0.1125 0 0.1125 
1506.947 -0.075 0 0.075 
1566.947 -0.075 0 -0.075 
1708.915 -0.075 0 -0.075 
1768.915 0.075 0 -0.075 
1783.915 0.1125 0 -0.1125 
1798.915 0.15 0 -0.15 
2348.034 0.15 0 -0.15 
2363.034 0.1125 0 -0.1125 
2378.034 0.075 0 -0.075 
2438.034 -0.075 0 -0.075 
4187.362 -0.075 0 -0.075 
4247.362 0.075 0 -0.075 
4262.362 0.1125 0 -0.1125 
4277.362 0.15 0 -0.15 
4828.599 0.15 0 -0.15 
4843.599 0.1125 0 -0.1125 
4858.599 0.075 0 -0.075 
4918.599 -0.075 0 -0.075 
5143.472 -0.075 0 -0.075 
5203.472 0.075 0 -0.075 
6445.381 0.075 0 -0.075 
6505.381 -0.075 0 -0.075 
6709.905 -0.075 0 -0.075 
