-108.259496629 -32.3832553578
-91.3937360882 34.3336035985
-59.24390199 -31.4676804819
-43.4474685145 30.1556699503
-8.20581073186 -30.0686765364
0.766867746748 34.1285416593
43.4093345489 -31.4527865618
59.09911896 30.53040417
92.0430056447 -34.8066990276
108.593759676 33.1763680573
147.722338286 -31.3052138458
151.121438773 34.6562871397
195.899711722 -32.530003864
200.364281401 34.5906779322
240.577727992 -34.1944011853
258.724825017 30.8261469366
298.719644704 -31.082207521
307.903379121 32.2294664138
341.126545987 -34.097297772
357.132990175 32.7943814575
397.021472166 -30.2021807693
403.931787078 31.3199026988
448.094893603 -33.0225594633
454.119716561 31.333932008
491.736432831 -31.7400177172
500.200073315 31.119593038
544.214996207 -32.8365939871
557.542558363 32.744589657
593.998899843 -31.446351189
609.228369165 31.6607970995
643.617074579 -30.968096088
659.289716066 34.25528495
695.689317164 -30.7063587788
707.475542361 31.9350684219
743.474549209 -31.5058381112
751.619029922 33.0984699302
790.777788946 -33.7730678269
808.579150564 31.9607594806
848.227802246 -34.2848786496
856.934176261 32.3642402471
896.075449701 -34.711650862
909.447867318 31.2004595801
945.003365187 -30.364225682
957.30262022 34.6539266247
996.915128166 -33.6737678417
1002.52539684 32.4380536347
1040.12414413 -31.4878798101
1059.99335825 32.8933444584
1097.0575562 -31.2773894025
1109.2314902 34.4140234104
1140.94132567 -30.9734470033
1151.7519077 32.6255776696
1199.58542118 -30.2792800497
1209.24887168 33.8786131008
1243.10149164 -31.7392383608
1259.99743811 33.8536264533
1293.11517456 -34.618135525
1305.65641459 34.6885518481
1342.83270396 -31.3190873472
1358.32639335 34.5392072321
1395.17001724 -33.3163637122
1400.22295102 31.7178556936
1446.37035576 -34.4753503869
1456.48302489 32.2815079909
1498.67088218 -30.8609319285
1504.07660552 33.972760757
1547.74311726 -33.830639903
1553.9207704 32.84031199
1599.06049688 -34.8652918061
1609.73014118 30.8318349802
1640.99672306 -32.6774577816
1653.43213689 32.0841648809
1695.23977647 -34.0237620785
1701.42481787 31.7552405328
1744.46372468 -33.0857967579
1758.41384565 32.7488250421
1798.8127335 -33.6272439214
1807.09068735 34.1986669844
1849.71117699 -31.7575869046
1850.93532581 33.3388460023
1891.464924 -33.2406748944
1904.20730579 30.2531960431
1943.41795696 -32.7082192252
1958.98941082 30.5142208407
1998.13858392 -31.0681452211
2006.03382638 30.5849613864
2048.0334337 -33.2059074099
2054.1241435 33.9861040577
2097.58130664 -32.991101776
2104.29975652 32.0582339786
2140.57069382 -31.2989841706
2155.99338953 30.3868678492
2194.82492172 -34.834416475
2209.56477 34.8602351416
2249.7308453 -33.095053175
2256.51186526 34.1937299298
2292.03241004 -32.3297590688
2300.12333119 34.0619738167
2343.70536906 -31.3267141972
2351.83302198 34.8325649534
2399.91260532 -33.7673916662
2401.63692315 30.8797457921
2448.99286206 -30.7263873029
2452.04831835 30.0221635212
2491.19492163 -31.3243623402
2506.0800396 34.4690705324
2541.77162203 -34.2676237078
2559.46558992 30.2157080213
2599.71144562 -33.0610818109
2603.00973691 32.3917219321
2644.59207666 -30.0775121118
2651.72346338 31.4166128278
2699.57278476 -33.9517368703
2707.79882418 34.5626477963
2740.45779944 -32.4448278007
2753.72494035 31.0855052338
2799.2484787 -32.9113927875
2801.57239922 34.5187913229
2843.7838209 -34.930326188
2850.29506409 32.3335774896
2893.73223776 -34.3273988477
2900.73992695 31.5221511089
2942.4387787 -33.6981717487
2952.62418507 34.2863629167
2990.23885055 -31.5342274763
3003.86324655 30.8013891001
3045.5016875 -30.9236153614
3050.49239747 31.2559486262
3094.2359255 -32.2447547573
3100.32699203 30.9856893648
3149.76050109 -33.3781399156
3155.61320928 31.529875452
3196.39815442 -32.2927044748
3205.44419214 33.0868408032
3247.68003954 -33.3453618497
3254.61703893 32.8930593995
3298.97100937 -31.3925129602
3300.08870295 30.6768555794
3345.28658204 -30.4606985322
3350.38135615 30.1497487805
3393.68771771 -30.8753443873
3405.49325058 34.5218192739
3440.87342817 -32.8994067717
3450.52942246 33.3608337962
3490.48199564 -34.5340600963
3506.30756626 31.8991286846
3548.83133128 -30.7516558521
3550.29960037 32.3390476851
3597.43133603 -32.5385779492
3601.50563622 34.2011509616
3648.78726401 -33.7697814731
3656.05728773 31.4171002728
3699.71296397 -33.0043982692
3709.21145086 33.4300047513
3744.43031332 -34.0389431477
3759.59316451 32.821648303
3791.88469254 -30.6403223407
3806.02526023 31.4058370847
3847.71554726 -32.2070459089
3851.56008397 31.2905091225
3898.95054809 -31.2504564812
3901.79597535 32.2900773667
3943.97572443 -33.4808913183
3956.38059461 34.7749109273
3994.18941143 -32.4468018859
4007.1351087 32.6068351503
4040.25241766 -33.2344483483
4059.88872544 34.1911279881
4098.39354636 -31.1289632083
4100.80376831 30.3305525514
4140.1720171 -34.0985313489
4154.95247579 33.4800415095
4195.38815135 -31.847942249
4202.44155303 32.7533425914
4249.75815483 -33.4085082125
4259.71430596 33.8056890997
4292.74254044 -34.4464384254
4302.47924095 30.9452714469
4343.13092519 -32.7482525295
4359.40545359 32.4628309572
4394.03161989 -32.2955014632
4403.43955758 30.3112502019
4446.69247009 -31.2353784063
4452.97805745 30.6954556336
4494.2143719 -31.6179689383
4508.98999349 33.8306225253
4546.18567029 -32.5811610591
4557.36468553 31.7640918702
4591.14747988 -34.0181883165
4604.29810368 32.7393749473
4647.01716541 -34.0655909761
4652.24094946 32.458048977
4696.0708119 -34.5910393836
4707.04393446 34.416673638
4743.30608921 -32.5873913093
4754.41842566 31.5638120859
4792.61139563 -33.9194355935
4803.62665681 32.9144527942
4849.95217524 -32.8094545906
4855.34783377 33.6016102585
4895.24481234 -34.7887924995
4903.88270249 34.9279895356
4948.15910127 -32.1409059603
4955.81928054 34.8122521266
4991.53672538 -30.2612458537
5002.5970389 34.2153539274
5041.86824695 -32.619134496
5054.29226269 32.8176632929
5099.43357869 -32.7643886978
5104.80165857 30.0881762599
5141.96597047 -32.4572415873
5152.8012194 31.7591193273
5195.2267271 -30.3959023433
5204.95214781 33.6832549684
5248.98186173 -31.8599679921
5259.4724819 34.9039650844
5297.80157576 -32.7961209991
5306.81185095 33.5464635833
5343.92824371 -33.0385228685
5353.66584407 32.6572583273
5391.1334105 -34.3129412627
5406.26798678 32.5945603515
5444.13270375 -34.4021129265
5457.48862756 34.6466996589
5497.54565705 -32.4358598873
5503.86555 33.7308558384
5545.04526504 -34.6987559116
5555.53954218 34.68675055
5594.42458835 -34.7409180581
5602.78692642 31.4016595784
5645.34688935 -30.4094808279
5659.47017362 32.0858789862
5696.20314376 -34.9553875871
5709.93289513 33.9165403939
5741.1027269 -31.0861901321
5759.20800733 30.1428892872
5794.44321098 -33.1976221255
5808.70558757 31.2594579724
5846.1596294 -33.7863030392
5854.58983408 34.0148365032
5899.91371099 -34.3921446104
5904.3609531 33.5439776022
5948.6959092 -31.3282623353
5950.19063197 34.9133457183
5995.39129247 -32.7163185632
6005.42193372 32.4448284395
6048.2149849 -34.7964730346
6052.59238358 32.6738609822
6090.52895473 -31.3887727741
6100.0766155 34.843732031
6149.80183268 -32.1928442705
6155.61613191 30.7093510425
6198.43054172 -31.8331484724
6206.41869526 31.6486065795
6249.17860905 -31.6597847536
6256.29492573 31.0472709468
6295.69520445 -34.5660963626
6303.45997753 30.2879496873
6342.30514197 -31.3791422429
6351.02193013 31.4226155231
6398.12804451 -34.999842319
6406.51942163 31.4101321892
6442.5540768 -30.3574497817
6456.55764824 34.4106934224
6499.41024708 -30.3552033411
6506.91349713 31.8626029934
6543.93305978 -31.8247944146
6558.4593353 32.1264233414
6597.15682964 -32.6484802655
6601.70087625 31.1225389098
6647.02203377 -34.7056650904
6656.45010166 34.0081398229
6698.94987973 -31.3005746017
6705.47366687 30.9012025324
6743.33570581 -30.2367643088
6758.68500085 34.7524126642
