0 0
17.5166 9.6524
35.0332 19.3048
52.5498 28.9572
70.0664 38.6097
87.5829 48.2621
105.0995 57.9145
122.6161 67.5669
140.1327 77.2193
157.6493 86.8717
175.1659 96.5242
192.6825 106.1766
210.1821 115.8596
227.5450 125.7850
244.6027 136.2248
261.1622 147.4356
276.9952 159.6485
291.8521 173.0298
305.5923 187.5554
318.1277 203.1327
329.3782 219.6619
339.2717 237.0373
347.7451 255.1477
354.7440 273.8774
360.2238 293.1065
364.1494 312.7120
366.5093 332.5673
367.4808 352.5405
367.3762 372.5385
366.5152 392.5192
365.2183 412.4769
363.7913 432.4260
362.3618 452.3748
360.9323 472.3237
359.5027 492.2725
358.0732 512.2213
356.6437 532.1702
355.2142 552.1190
353.7846 572.0679
352.3551 592.0167
350.9256 611.9656
349.4961 631.9144
348.0665 651.8633
346.6370 671.8121
345.2075 691.7610
343.7780 711.7098
342.3484 731.6587
340.9189 751.6075
339.4894 771.5563
338.0599 791.5052
336.6303 811.4540
335.2008 831.4029
333.7713 851.3517
332.3418 871.3006
330.9122 891.2494
329.4842 911.1984
328.1123 931.1512
326.9171 951.1154
326.0237 971.0951
325.5571 991.0892
325.6426 1011.0882
326.4050 1031.0725
327.9679 1051.0098
330.4516 1070.8530
333.9198 1090.5479
338.3680 1110.0448
343.7850 1129.2950
350.1575 1148.2505
357.4693 1166.8637
365.7023 1185.0883
374.8358 1202.8786
384.8421 1220.1932
395.6322 1237.0311
407.0818 1253.4281
419.0731 1269.4336
431.4951 1285.1077
444.2423 1300.5186
457.2143 1315.7410
470.3141 1330.8537
483.4511 1345.9342
496.5888 1361.0140
509.7264 1376.0939
522.8640 1391.1738
536.0017 1406.2536
549.1393 1421.3335
562.2770 1436.4134
575.4135 1451.4942
588.5271 1466.5950
601.5779 1481.7500
614.5253 1496.9935
627.3275 1512.3590
639.9422 1527.8788
652.3256 1543.5837
664.4325 1559.5025
676.2163 1575.6619
687.6284 1592.0858
698.6183 1608.7951
709.1336 1625.8068
719.1198 1643.1343
728.5295 1660.7814
737.3459 1678.7323
745.5591 1696.9670
753.1601 1715.4654
760.1403 1734.2067
766.4921 1753.1703
772.2083 1772.3351
777.2827 1791.6797
781.7095 1811.1827
785.4839 1830.8223
788.6017 1850.5769
791.0612 1870.4242
792.8903 1890.3396
794.1398 1910.2999
794.8618 1930.2863
795.1093 1950.2844
794.9353 1970.2833
794.3933 1990.2757
793.5368 2010.2572
792.4191 2030.2258
791.0938 2050.1818
789.6140 2070.1269
788.0332 2090.0643
786.4043 2109.9979
784.7690 2129.9309
783.1337 2149.8640
781.4984 2169.7970
779.8631 2189.7300
778.2278 2209.6631
776.5925 2229.5961
774.9572 2249.5291
773.3219 2269.4622
771.6865 2289.3952
770.0512 2309.3282
768.4159 2329.2613
766.7990 2349.1958
765.3200 2369.1410
764.0007 2389.0973
762.8410 2409.0636
761.8411 2429.0386
761.0011 2449.0209
760.3209 2469.0092
759.8006 2489.0024
759.4403 2508.9991
759.2400 2528.9981
759.1997 2548.9980
759.3194 2568.9976
759.5990 2588.9956
760.0387 2608.9907
760.6383 2628.9816
761.3978 2648.9671
762.3171 2668.9460
763.3963 2688.9168
764.6352 2708.8783
766.0337 2728.8293
767.5918 2748.7685
769.3094 2768.6945
771.1863 2788.6062
773.2224 2808.5022
775.4177 2828.3813
777.7719 2848.2422
780.2849 2868.0837
782.9566 2887.9044
785.7867 2907.7031
788.7752 2927.4785
791.9217 2947.2293
795.2262 2966.9544
798.6883 2986.6524
802.3079 3006.3221
806.0848 3025.9622
810.0186 3045.5714
814.1092 3065.1486
818.3563 3084.6924
822.7596 3104.2016
827.3189 3123.6749
832.0337 3143.1112
836.9039 3162.5091
841.9292 3181.8674
847.1091 3201.1849
852.4434 3220.4604
857.9317 3239.6926
863.5738 3258.8802
869.3691 3278.0221
875.3174 3297.1170
881.4183 3316.1637
887.6713 3335.1610
894.0761 3354.1077
900.6323 3373.0025
907.3394 3391.8443
914.1970 3410.6318
921.2048 3429.3638
928.3621 3448.0392
935.6686 3466.6568
943.1239 3485.2153
950.7273 3503.7135
958.4785 3522.1503
966.3769 3540.5246
974.4221 3558.8350
982.6135 3577.0805
990.9506 3595.2599
999.4329 3613.3721
1008.0598 3631.4158
1016.8308 3649.3898
1025.7453 3667.2932
1034.7985 3685.1268
1043.8925 3702.9397
1052.9866 3720.7525
1062.0806 3738.5654
1071.1746 3756.3783
1080.2687 3774.1912
1089.3627 3792.0040
1098.4549 3809.8179
1107.5186 3827.6462
1116.5094 3845.5114
1125.3825 3863.4353
1134.0924 3881.4390
1142.5933 3899.5423
1150.8384 3917.7634
1158.7803 3936.1187
1166.3705 3954.6221
1173.5597 3973.2848
1180.2993 3992.1145
1186.5666 4011.1066
1192.3571 4030.2495
1197.6673 4049.5311
1202.4939 4068.9394
1206.8338 4088.4623
1210.6843 4108.0876
1214.0431 4127.8031
1216.9079 4147.5963
1219.2771 4167.4549
1221.1491 4187.3666
1222.5228 4207.3189
1223.3974 4227.2992
1223.7721 4247.2952
1223.6470 4267.2943
1223.0219 4287.2840
1221.8973 4307.2518
1220.2842 4327.1862
1218.2264 4347.0797
1215.7746 4366.9285
1212.9794 4386.7320
1209.8908 4406.4919
1206.5590 4426.2124
1203.0336 4445.8991
1199.3640 4465.5596
1195.5996 4485.2021
1191.7896 4504.8358
1187.9730 4524.4683
1184.1564 4544.1008
1180.3398 4563.7332
1176.5232 4583.3657
1172.7066 4602.9981
1168.8899 4622.6306
1165.0733 4642.2631
1161.2567 4661.8955
1157.4401 4681.5280
1153.6235 4701.1604
1149.8069 4720.7929
1145.9892 4740.4252
1142.1619 4760.0555
1138.3133 4779.6817
1134.4318 4799.3015
1130.5059 4818.9124
1126.5239 4838.5120
1122.4743 4858.0977
1118.3455 4877.6668
1114.1259 4897.2166
1109.8042 4916.7441
1105.3688 4936.2460
1100.8084 4955.7191
1096.1117 4975.1598
1091.2673 4994.5642
1086.2641 5013.9282
1081.0910 5033.2475
1075.7369 5052.5174
1070.1909 5071.7330
1064.4423 5090.8889
1058.4803 5109.9795
1052.2945 5128.9987
1045.8744 5147.9402
1039.2099 5166.7970
1032.2952 5185.5634
1025.1308 5204.2360
1017.7182 5222.8115
1010.0585 5241.2864
1002.1532 5259.6576
994.0037 5277.9217
985.6113 5296.0756
976.9777 5314.1160
968.1043 5332.0396
958.9927 5349.8433
949.6446 5367.5240
940.0615 5385.0785
930.2452 5402.5036
920.1975 5419.7963
909.9202 5436.9535
899.4149 5453.9722
888.6837 5470.8492
877.7285 5487.5817
866.5511 5504.1667
855.1536 5520.6011
843.5379 5536.8821
831.7063 5553.0068
819.6607 5568.9723
807.4062 5584.7781
794.9534 5600.4281
782.3136 5615.9275
769.4976 5631.2815
756.5161 5646.4959
743.3796 5661.5766
730.0983 5676.5300
716.6823 5691.3627
703.1413 5706.0814
689.4850 5720.6931
675.7228 5735.2052
661.8640 5749.6251
647.9177 5763.9603
633.8929 5778.2188
619.7984 5792.4083
605.6428 5806.5370
591.4349 5820.6131
577.1831 5834.6447
562.8959 5848.6402
548.5815 5862.6080
534.2484 5876.5565
519.9048 5890.4943
505.5585 5904.4292
491.2121 5918.3641
476.8657 5932.2990
462.5193 5946.2339
448.1729 5960.1688
433.8265 5974.1037
419.4802 5988.0386
405.1338 6001.9735
390.7874 6015.9084
376.4410 6029.8433
